                            OLS Regression Results                            
==============================================================================
Dep. Variable:                      y   R-squared:                       0.897
Model:                            OLS   Adj. R-squared:                  0.741
Method:                 Least Squares   F-statistic:                     5.771
Date:                Thu, 02 Apr 2026   Prob (F-statistic):           2.63e-25
Time:                        18:32:38   Log-Likelihood:                -141.44
No. Observations:                 359   AIC:                             714.9
Df Residuals:                     143   BIC:                             1554.
Df Model:                         215                                         
Covariance Type:            nonrobust                                         
==============================================================================================
                                 coef    std err          t      P>|t|      [0.025      0.975]
----------------------------------------------------------------------------------------------
const                         10.5615      1.186      8.903      0.000       8.217      12.906
minutes_played                 0.0003      0.000      2.482      0.014    5.24e-05       0.000
is_top4                        0.2934      0.167      1.754      0.082      -0.037       0.624
is_top6                        0.2799      0.183      1.526      0.129      -0.083       0.643
is_bottom6                    -0.3615      0.142     -2.544      0.012      -0.642      -0.081
is_historic_top                0.4757      0.149      3.200      0.002       0.182       0.770
is_promoted                   -0.0764      0.171     -0.446      0.656      -0.415       0.262
yellow_cards                  -0.0052      0.026     -0.202      0.840      -0.056       0.045
pass_success_pct               0.0390      0.012      3.211      0.002       0.015       0.063
fouls_per_game                -0.0397      0.160     -0.249      0.804      -0.356       0.276
dribbled_past_per_game         0.0025      0.204      0.012      0.990      -0.402       0.407
xg_diff                        0.0397      0.070      0.566      0.572      -0.099       0.178
is_brazilian                   0.4056      0.278      1.461      0.146      -0.143       0.954
is_french                      0.1222      0.167      0.732      0.465      -0.208       0.452
is_english                    -0.0500      0.307     -0.163      0.871      -0.656       0.556
is_spanish                    -0.0753      0.249     -0.303      0.763      -0.567       0.416
is_german                     -0.3100      0.308     -1.006      0.316      -0.919       0.299
is_argentine                   0.2894      0.266      1.088      0.278      -0.236       0.815
is_portuguese                 -0.3338      0.449     -0.744      0.458      -1.221       0.553
is_african                     0.0343      0.164      0.209      0.835      -0.290       0.359
is_asian                      -0.1922      0.326     -0.589      0.557      -0.837       0.453
is_south_american_other       -0.2111      0.238     -0.886      0.377      -0.682       0.260
is_goalkeeper                 -5.5480      2.846     -1.949      0.053     -11.174       0.078
is_left_back                  -1.1999      1.921     -0.625      0.533      -4.996       2.597
is_right_back                  1.8855      1.044      1.807      0.073      -0.177       3.948
is_cdm                        -0.3035      1.369     -0.222      0.825      -3.009       2.402
is_central_mid                 0.0732      0.791      0.093      0.926      -1.490       1.637
is_attacking_mid               0.8406      2.463      0.341      0.733      -4.028       5.709
is_left_winger                -1.6054      1.919     -0.837      0.404      -5.398       2.188
is_right_winger                1.8400      1.925      0.956      0.341      -1.965       5.645
is_striker                     0.0887      0.939      0.094      0.925      -1.768       1.945
age_gk                        -0.0986      0.061     -1.623      0.107      -0.219       0.021
age_sq_gk                     -0.0220      0.012     -1.778      0.078      -0.046       0.002
age_cb                        -0.1727      0.021     -8.039      0.000      -0.215      -0.130
age_sq_cb                     -0.0084      0.004     -2.053      0.042      -0.017      -0.000
age_lb                        -0.0774      0.071     -1.097      0.275      -0.217       0.062
age_sq_lb                     -0.0227      0.024     -0.933      0.352      -0.071       0.025
age_rb                        -0.1054      0.043     -2.446      0.016      -0.191      -0.020
age_sq_rb                      0.0019      0.010      0.181      0.857      -0.018       0.022
age_cdm                        0.0051      0.084      0.061      0.952      -0.160       0.170
age_sq_cdm                    -0.0010      0.016     -0.065      0.948      -0.032       0.030
age_cm                        -0.1099      0.027     -4.120      0.000      -0.163      -0.057
age_sq_cm                     -0.0182      0.006     -3.238      0.001      -0.029      -0.007
age_am                        -0.0314      0.192     -0.164      0.870      -0.410       0.347
age_sq_am                     -0.0116      0.053     -0.218      0.827      -0.117       0.094
age_lw                        -0.3141      0.212     -1.481      0.141      -0.733       0.105
age_sq_lw                      0.0870      0.103      0.842      0.401      -0.117       0.291
age_rw                        -0.0336      0.089     -0.379      0.705      -0.209       0.142
age_sq_rw                     -0.0094      0.010     -0.971      0.333      -0.029       0.010
age_st                        -0.1184      0.035     -3.371      0.001      -0.188      -0.049
age_sq_st                     -0.0020      0.006     -0.354      0.724      -0.013       0.009
assists_per_90_gk             45.7595     58.365      0.784      0.434     -69.609     161.128
tackles_per_game_gk          -10.8254      9.875     -1.096      0.275     -30.345       8.694
clearances_per_game_gk         2.1852      0.947      2.309      0.022       0.314       4.056
aerials_won_gk                -1.5757      1.068     -1.475      0.142      -3.687       0.536
key_passes_per_game_gk        -9.2226      6.958     -1.325      0.187     -22.977       4.532
dribbles_per_game_gk          -0.7043      4.278     -0.165      0.869      -9.161       7.752
long_balls_per_game_gk         0.4844      0.298      1.627      0.106      -0.104       1.073
avg_passes_per_game_gk         0.0911      0.075      1.212      0.227      -0.057       0.240
xg_gk                          0.2928     17.840      0.016      0.987     -34.972      35.558
fouled_per_game_gk            -1.6014      3.254     -0.492      0.623      -8.034       4.831
goals_per_90_cb               -4.5879      2.381     -1.927      0.056      -9.294       0.118
assists_per_90_cb              2.3261      2.524      0.922      0.358      -2.662       7.315
tackles_per_game_cb           -0.1148      0.233     -0.492      0.624      -0.576       0.347
interceptions_per_game_cb      0.6811      0.294      2.320      0.022       0.101       1.261
clearances_per_game_cb        -0.2045      0.090     -2.279      0.024      -0.382      -0.027
blocks_per_game_cb             0.0016      0.351      0.004      0.996      -0.691       0.695
aerials_won_cb                 0.3860      0.148      2.614      0.010       0.094       0.678
key_passes_per_game_cb         0.7934      0.630      1.259      0.210      -0.452       2.039
dribbles_per_game_cb          -0.5166      0.521     -0.992      0.323      -1.547       0.513
crosses_per_game_cb           -0.0208      0.844     -0.025      0.980      -1.688       1.647
long_balls_per_game_cb         0.0301      0.119      0.252      0.801      -0.206       0.266
through_balls_per_game_cb     -4.9134      2.998     -1.639      0.103     -10.840       1.013
avg_passes_per_game_cb         0.0154      0.010      1.506      0.134      -0.005       0.036
shots_per_game_cb              0.8701      0.714      1.218      0.225      -0.542       2.282
xg_cb                         -0.2594      0.187     -1.390      0.167      -0.628       0.109
xg_per_shot_cb                 4.3067      1.520      2.834      0.005       1.302       7.311
fouled_per_game_cb            -0.2796      0.244     -1.145      0.254      -0.762       0.203
goals_per_90_lb                4.0180      4.327      0.929      0.355      -4.536      12.572
assists_per_90_lb             -1.0021      2.721     -0.368      0.713      -6.381       4.377
tackles_per_game_lb            0.9777      0.846      1.156      0.250      -0.694       2.650
interceptions_per_game_lb      1.0405      1.892      0.550      0.583      -2.699       4.780
clearances_per_game_lb        -0.2412      0.375     -0.644      0.521      -0.982       0.499
blocks_per_game_lb            -3.3064      4.615     -0.716      0.475     -12.429       5.816
aerials_won_lb                 0.2974      0.575      0.517      0.606      -0.840       1.435
key_passes_per_game_lb         1.3072      1.911      0.684      0.495      -2.471       5.085
dribbles_per_game_lb          -0.5824      1.372     -0.425      0.672      -3.294       2.129
crosses_per_game_lb           -0.4261      1.480     -0.288      0.774      -3.351       2.499
long_balls_per_game_lb        -0.6056      0.658     -0.920      0.359      -1.906       0.695
through_balls_per_game_lb     -1.2922      6.845     -0.189      0.851     -14.823      12.239
avg_passes_per_game_lb         0.0423      0.047      0.910      0.364      -0.050       0.134
shots_per_game_lb              1.7995      2.118      0.850      0.397      -2.387       5.986
xg_lb                         -0.6213      1.007     -0.617      0.538      -2.611       1.369
xg_per_shot_lb                 7.7724     12.650      0.614      0.540     -17.233      32.778
fouled_per_game_lb            -0.1858      0.750     -0.248      0.805      -1.669       1.297
goals_per_90_rb               -1.8620      2.846     -0.654      0.514      -7.488       3.764
assists_per_90_rb              5.0788      3.149      1.613      0.109      -1.145      11.303
tackles_per_game_rb            0.2773      0.472      0.588      0.557      -0.655       1.209
interceptions_per_game_rb     -0.6379      0.783     -0.814      0.417      -2.186       0.910
clearances_per_game_rb         0.3942      0.627      0.628      0.531      -0.846       1.634
blocks_per_game_rb             0.3558      1.306      0.272      0.786      -2.225       2.937
aerials_won_rb                -0.5431      0.601     -0.904      0.367      -1.730       0.644
key_passes_per_game_rb         0.5067      0.787      0.644      0.521      -1.048       2.062
dribbles_per_game_rb          -1.7916      1.233     -1.453      0.148      -4.229       0.646
crosses_per_game_rb           -0.8151      0.952     -0.856      0.393      -2.697       1.066
long_balls_per_game_rb         0.4197      0.409      1.025      0.307      -0.389       1.229
through_balls_per_game_rb      0.6411      5.208      0.123      0.902      -9.654      10.937
avg_passes_per_game_rb        -0.0455      0.029     -1.569      0.119      -0.103       0.012
shots_per_game_rb             -0.0129      1.205     -0.011      0.991      -2.395       2.370
xg_rb                          0.7847      0.498      1.574      0.118      -0.201       1.770
xg_per_shot_rb               -13.1417      6.270     -2.096      0.038     -25.536      -0.747
fouled_per_game_rb             0.8711      0.557      1.563      0.120      -0.230       1.973
goals_per_90_cdm              -2.6806      3.345     -0.801      0.424      -9.292       3.931
assists_per_90_cdm             0.9067      2.870      0.316      0.752      -4.766       6.579
tackles_per_game_cdm           0.4132      0.682      0.606      0.545      -0.934       1.761
interceptions_per_game_cdm    -1.3898      0.968     -1.436      0.153      -3.303       0.524
clearances_per_game_cdm       -0.4395      0.568     -0.773      0.441      -1.563       0.684
blocks_per_game_cdm            1.7472      1.579      1.107      0.270      -1.373       4.867
aerials_won_cdm               -0.1365      0.365     -0.374      0.709      -0.859       0.586
key_passes_per_game_cdm        2.1890      1.254      1.746      0.083      -0.290       4.668
dribbles_per_game_cdm          0.7364      0.998      0.738      0.462      -1.236       2.708
crosses_per_game_cdm          -0.7704      1.071     -0.719      0.473      -2.888       1.347
long_balls_per_game_cdm       -0.2511      0.340     -0.739      0.461      -0.923       0.421
through_balls_per_game_cdm     0.8065      3.819      0.211      0.833      -6.742       8.355
avg_passes_per_game_cdm        0.0057      0.032      0.181      0.857      -0.057       0.068
shots_per_game_cdm            -1.5556      1.559     -0.998      0.320      -4.637       1.526
xg_cdm                         0.6056      0.757      0.800      0.425      -0.890       2.102
xg_per_shot_cdm               -2.6390     10.346     -0.255      0.799     -23.089      17.811
fouled_per_game_cdm            1.5539      0.680      2.285      0.024       0.210       2.898
goals_per_90_cm                1.6634      1.740      0.956      0.341      -1.776       5.103
assists_per_90_cm             -0.6786      1.518     -0.447      0.656      -3.680       2.323
tackles_per_game_cm           -0.2807      0.308     -0.912      0.363      -0.889       0.328
interceptions_per_game_cm     -0.5932      0.455     -1.303      0.195      -1.493       0.307
clearances_per_game_cm        -0.2536      0.312     -0.813      0.418      -0.870       0.363
blocks_per_game_cm             0.2917      0.884      0.330      0.742      -1.456       2.039
aerials_won_cm                 0.1944      0.146      1.328      0.186      -0.095       0.484
key_passes_per_game_cm         0.5052      0.474      1.067      0.288      -0.431       1.442
dribbles_per_game_cm           0.4992      0.464      1.077      0.283      -0.417       1.416
crosses_per_game_cm           -0.2081      0.522     -0.399      0.691      -1.240       0.824
long_balls_per_game_cm        -0.3201      0.227     -1.410      0.161      -0.769       0.129
through_balls_per_game_cm     -0.4742      1.641     -0.289      0.773      -3.718       2.770
avg_passes_per_game_cm         0.0418      0.018      2.297      0.023       0.006       0.078
shots_per_game_cm              0.8754      0.508      1.722      0.087      -0.129       1.880
xg_cm                         -0.1360      0.132     -1.028      0.306      -0.398       0.126
xg_per_shot_cm                 3.0010      3.935      0.763      0.447      -4.777      10.779
fouled_per_game_cm             0.1289      0.176      0.731      0.466      -0.219       0.477
goals_per_90_am               11.4249     21.416      0.533      0.595     -30.909      53.759
assists_per_90_am            -12.7016     21.516     -0.590      0.556     -55.232      29.829
tackles_per_game_am           -3.0559      3.533     -0.865      0.389     -10.040       3.928
interceptions_per_game_am      1.4843      4.378      0.339      0.735      -7.170      10.139
clearances_per_game_am         2.6069      4.361      0.598      0.551      -6.014      11.227
blocks_per_game_am             5.2878      5.133      1.030      0.305      -4.858      15.434
aerials_won_am                -1.7299      2.929     -0.591      0.556      -7.519       4.059
key_passes_per_game_am         5.7043      8.994      0.634      0.527     -12.075      23.484
dribbles_per_game_am           1.7904      2.375      0.754      0.452      -2.905       6.486
crosses_per_game_am           -2.4411      3.793     -0.644      0.521      -9.938       5.055
long_balls_per_game_am         0.6506      1.574      0.413      0.680      -2.461       3.762
through_balls_per_game_am     15.6332     32.592      0.480      0.632     -48.792      80.058
avg_passes_per_game_am        -0.2471      0.460     -0.538      0.592      -1.156       0.661
shots_per_game_am              0.9256      2.709      0.342      0.733      -4.429       6.280
xg_am                          0.0478      0.727      0.066      0.948      -1.390       1.485
xg_per_shot_am                -4.7057     15.878     -0.296      0.767     -36.092      26.680
goals_per_90_lw               -7.1990      6.463     -1.114      0.267     -19.975       5.577
assists_per_90_lw              3.1265      2.840      1.101      0.273      -2.488       8.741
tackles_per_game_lw           -2.1618      2.520     -0.858      0.392      -7.144       2.820
interceptions_per_game_lw      1.4767      2.682      0.551      0.583      -3.825       6.778
clearances_per_game_lw        -1.6302      3.390     -0.481      0.631      -8.331       5.071
blocks_per_game_lw            13.0535      7.379      1.769      0.079      -1.533      27.640
aerials_won_lw                 2.3278      2.500      0.931      0.353      -2.615       7.270
key_passes_per_game_lw        -0.0129      1.961     -0.007      0.995      -3.889       3.863
dribbles_per_game_lw           1.6413      5.017      0.327      0.744      -8.275      11.558
crosses_per_game_lw            2.7112      2.406      1.127      0.262      -2.044       7.467
long_balls_per_game_lw        -1.6041      5.026     -0.319      0.750     -11.538       8.330
through_balls_per_game_lw     16.4199     12.872      1.276      0.204      -9.024      41.864
avg_passes_per_game_lw         0.1282      0.227      0.566      0.573      -0.320       0.576
shots_per_game_lw              0.9737      1.065      0.914      0.362      -1.132       3.079
xg_lw                          0.0360      0.508      0.071      0.944      -0.968       1.040
xg_per_shot_lw               -20.5779     52.830     -0.390      0.697    -125.007      83.851
goals_per_90_rw               -1.1046      1.905     -0.580      0.563      -4.870       2.660
assists_per_90_rw             -1.7420      4.572     -0.381      0.704     -10.780       7.296
tackles_per_game_rw            0.7623      1.159      0.658      0.512      -1.529       3.054
interceptions_per_game_rw     -1.3516      1.938     -0.697      0.487      -5.183       2.479
clearances_per_game_rw        -1.4581      0.810     -1.801      0.074      -3.058       0.142
blocks_per_game_rw            -0.8847      4.051     -0.218      0.827      -8.892       7.123
aerials_won_rw                 0.5867      0.727      0.807      0.421      -0.851       2.024
key_passes_per_game_rw         0.0564      1.079      0.052      0.958      -2.077       2.190
dribbles_per_game_rw           0.2397      1.413      0.170      0.866      -2.553       3.032
crosses_per_game_rw            0.6875      0.813      0.845      0.399      -0.921       2.295
long_balls_per_game_rw        -1.1738      1.253     -0.937      0.351      -3.651       1.304
through_balls_per_game_rw     -6.3578      6.781     -0.938      0.350     -19.763       7.047
avg_passes_per_game_rw        -0.0244      0.043     -0.567      0.572      -0.110       0.061
shots_per_game_rw              0.7235      0.839      0.862      0.390      -0.935       2.382
xg_rw                          0.1335      0.209      0.639      0.524      -0.279       0.546
xg_per_shot_rw                 1.8988      8.408      0.226      0.822     -14.721      18.518
fouled_per_game_rw             0.1076      0.434      0.248      0.804      -0.750       0.965
goals_per_90_st                0.5281      1.240      0.426      0.671      -1.922       2.978
assists_per_90_st              0.4615      1.161      0.397      0.692      -1.834       2.757
tackles_per_game_st           -0.0938      0.514     -0.182      0.856      -1.110       0.922
interceptions_per_game_st      0.1509      1.223      0.123      0.902      -2.267       2.569
clearances_per_game_st         0.8769      0.471      1.860      0.065      -0.055       1.809
blocks_per_game_st            -0.1481      1.798     -0.082      0.934      -3.702       3.406
aerials_won_st                 0.0526      0.111      0.476      0.635      -0.166       0.271
key_passes_per_game_st         0.2782      0.611      0.455      0.649      -0.929       1.486
dribbles_per_game_st           0.4603      0.789      0.583      0.561      -1.099       2.020
crosses_per_game_st           -0.0135      0.549     -0.025      0.980      -1.099       1.072
long_balls_per_game_st        -0.6995      0.517     -1.352      0.179      -1.722       0.323
through_balls_per_game_st     -0.0776      2.635     -0.029      0.977      -5.287       5.132
avg_passes_per_game_st         0.0126      0.047      0.267      0.790      -0.081       0.106
shots_per_game_st              0.4299      0.366      1.176      0.242      -0.293       1.153
xg_st                          0.0133      0.045      0.294      0.769      -0.076       0.103
xg_per_shot_st                 2.2740      3.942      0.577      0.565      -5.517      10.065
fouled_per_game_st            -0.0070      0.262     -0.027      0.979      -0.525       0.511
gk_save_pct                    0.0383      0.015      2.498      0.014       0.008       0.069
gk_ga_per_90                  -1.5359      0.399     -3.848      0.000      -2.325      -0.747
gk_cs_per_90                  -0.7104      1.946     -0.365      0.716      -4.558       3.137
gk_pk_save_pct                -0.2277      0.909     -0.250      0.803      -2.025       1.570
==============================================================================
Omnibus:                       12.567   Durbin-Watson:                   1.718
Prob(Omnibus):                  0.002   Jarque-Bera (JB):               13.876
Skew:                          -0.378   Prob(JB):                     0.000970
Kurtosis:                       3.596   Cond. No.                     3.86e+06
==============================================================================

Notes:
[1] Standard Errors assume that the covariance matrix of the errors is correctly specified.
[2] The condition number is large, 3.86e+06. This might indicate that there are
strong multicollinearity or other numerical problems.