                            OLS Regression Results                            
==============================================================================
Dep. Variable:       log_market_value   R-squared:                       0.912
Model:                            OLS   Adj. R-squared:                  0.810
Method:                 Least Squares   F-statistic:                     8.886
Date:                Fri, 20 Mar 2026   Prob (F-statistic):           1.49e-36
Time:                        14:12:24   Log-Likelihood:                -44.025
No. Observations:                 331   AIC:                             446.1
Df Residuals:                     152   BIC:                             1127.
Df Model:                         178                                         
Covariance Type:            nonrobust                                         
=============================================================================================
                                coef    std err          t      P>|t|      [0.025      0.975]
---------------------------------------------------------------------------------------------
const                        16.1224      0.179     90.309      0.000      15.770      16.475
minutes_played                0.0003      0.000      2.908      0.004       0.000       0.001
contract_months_remaining     0.0059      0.002      2.710      0.007       0.002       0.010
is_top4                       0.3088      0.093      3.336      0.001       0.126       0.492
is_top6                       0.4530      0.129      3.510      0.001       0.198       0.708
is_bottom6                   -0.4413      0.079     -5.558      0.000      -0.598      -0.284
rating                        0.0535      0.137      0.391      0.697      -0.217       0.324
xg_diff                      -0.0586      0.048     -1.218      0.225      -0.154       0.036
pass_success_pct             -0.0111      0.010     -1.086      0.279      -0.031       0.009
fouls_per_game                0.0659      0.149      0.443      0.658      -0.228       0.360
dribbled_past_per_game       -0.4484      0.203     -2.207      0.029      -0.850      -0.047
yellow_cards                 -0.0265      0.023     -1.128      0.261      -0.073       0.020
is_striker                    0.4190      0.358      1.171      0.243      -0.288       1.126
is_winger                    -0.0192      0.290     -0.066      0.947      -0.591       0.553
is_attacking_mid              2.5488      5.529      0.461      0.645      -8.375      13.472
is_central_mid               -0.0683      0.230     -0.297      0.767      -0.523       0.386
is_cdm                        0.9027      0.538      1.676      0.096      -0.161       1.967
is_fullback                   0.3316      0.200      1.654      0.100      -0.065       0.728
is_goalkeeper                -8.1583      5.593     -1.459      0.147     -19.208       2.891
is_brazilian                  0.1066      0.158      0.674      0.501      -0.206       0.419
is_french                     0.1957      0.133      1.472      0.143      -0.067       0.458
is_english                   -0.0350      0.086     -0.409      0.683      -0.204       0.134
is_spanish                   -0.0235      0.172     -0.137      0.892      -0.364       0.317
is_german                     0.3919      0.241      1.628      0.106      -0.084       0.867
is_argentinian                0.5182      0.228      2.270      0.025       0.067       0.969
is_portuguese                 0.1305      0.223      0.586      0.559      -0.309       0.570
is_african                    0.1212      0.127      0.954      0.342      -0.130       0.372
is_asian                      0.2740      0.282      0.972      0.333      -0.283       0.831
is_south_american_other       0.0069      0.200      0.035      0.972      -0.388       0.402
striker_age                  -0.0751      0.033     -2.282      0.024      -0.140      -0.010
winger_age                   -0.0878      0.031     -2.816      0.006      -0.149      -0.026
attmid_age                   -0.3199      0.308     -1.039      0.300      -0.928       0.288
cm_age                       -0.1138      0.023     -5.038      0.000      -0.158      -0.069
cdm_age                      -0.0870      0.051     -1.707      0.090      -0.188       0.014
fullback_age                 -0.0975      0.020     -4.907      0.000      -0.137      -0.058
cb_age                       -0.1105      0.020     -5.577      0.000      -0.150      -0.071
gk_age                        0.0329      0.081      0.408      0.684      -0.126       0.192
striker_age_sq               -0.0143      0.005     -2.655      0.009      -0.025      -0.004
winger_age_sq                -0.0193      0.006     -2.998      0.003      -0.032      -0.007
attmid_age_sq                -0.0607      0.060     -1.004      0.317      -0.180       0.059
cm_age_sq                    -0.0118      0.003     -4.092      0.000      -0.017      -0.006
cdm_age_sq                   -0.0302      0.007     -4.051      0.000      -0.045      -0.015
fullback_age_sq              -0.0184      0.004     -5.136      0.000      -0.025      -0.011
cb_age_sq                    -0.0111      0.003     -3.205      0.002      -0.018      -0.004
gk_age_sq                    -0.0399      0.011     -3.573      0.000      -0.062      -0.018
striker_goals_per_90          1.3455      0.850      1.582      0.116      -0.335       3.026
winger_goals_per_90           0.6211      0.890      0.698      0.486      -1.138       2.380
attmid_goals_per_90          -2.6083      4.875     -0.535      0.593     -12.240       7.024
cm_goals_per_90               0.0030      1.220      0.002      0.998      -2.407       2.413
cdm_goals_per_90              1.0614      2.428      0.437      0.663      -3.735       5.857
fullback_goals_per_90         1.4439      1.814      0.796      0.427      -2.140       5.028
cb_goals_per_90               4.1710      1.585      2.631      0.009       1.039       7.303
striker_assists_per_90        0.2600      1.003      0.259      0.796      -1.721       2.241
winger_assists_per_90        -0.0187      0.734     -0.025      0.980      -1.470       1.432
attmid_assists_per_90        -2.8563      3.006     -0.950      0.344      -8.795       3.083
cm_assists_per_90             2.2619      1.109      2.040      0.043       0.071       4.453
cdm_assists_per_90            0.4681      1.767      0.265      0.791      -3.023       3.959
fullback_assists_per_90      -0.2010      0.915     -0.220      0.826      -2.009       1.607
cb_assists_per_90            -0.0384      0.978     -0.039      0.969      -1.970       1.893
gk_save_pct                   0.0967      0.079      1.222      0.224      -0.060       0.253
gk_cs_per_90                  2.0779      1.839      1.130      0.260      -1.555       5.711
gk_ga_per_90                  1.8484      2.204      0.839      0.403      -2.507       6.203
gk_sota_per_90               -0.3543      0.731     -0.484      0.629      -1.799       1.091
gk_pk_save_pct                0.7286      1.447      0.504      0.615      -2.130       3.587
tackles_striker               0.6138      0.485      1.267      0.207      -0.343       1.571
tackles_winger               -0.3511      0.422     -0.831      0.407      -1.186       0.484
tackles_attmid               -1.5906      2.146     -0.741      0.460      -5.830       2.648
tackles_cm                    0.4063      0.260      1.561      0.121      -0.108       0.921
tackles_cdm                   0.0973      0.205      0.474      0.636      -0.308       0.503
tackles_fullback             -0.3657      0.201     -1.816      0.071      -0.764       0.032
tackles_cb                   -0.0602      0.215     -0.281      0.779      -0.484       0.364
tackles_gk                   -3.0339      5.176     -0.586      0.559     -13.260       7.192
interceptions_striker         2.6799      1.771      1.513      0.132      -0.819       6.179
interceptions_winger         -0.3674      0.813     -0.452      0.652      -1.973       1.238
interceptions_attmid          0.2471      1.672      0.148      0.883      -3.055       3.550
interceptions_cm             -0.5177      0.490     -1.057      0.292      -1.485       0.450
interceptions_cdm             0.0778      0.426      0.182      0.855      -0.764       0.920
interceptions_fullback        0.0947      0.265      0.358      0.721      -0.428       0.617
interceptions_cb              0.1163      0.371      0.313      0.755      -0.617       0.850
interceptions_gk             -9.2620      7.320     -1.265      0.208     -23.724       5.200
clearances_striker            0.4674      0.359      1.302      0.195      -0.242       1.177
clearances_winger            -0.1439      0.398     -0.362      0.718      -0.930       0.642
clearances_attmid             0.7571      2.134      0.355      0.723      -3.459       4.973
clearances_cm                 0.5021      0.287      1.748      0.083      -0.066       1.070
clearances_cdm               -0.0366      0.287     -0.127      0.899      -0.603       0.530
clearances_fullback           0.1263      0.132      0.956      0.341      -0.135       0.387
clearances_cb                -0.0224      0.115     -0.195      0.845      -0.249       0.204
clearances_gk                 1.2845      1.391      0.923      0.357      -1.464       4.033
blocks_striker                2.3694      1.548      1.531      0.128      -0.688       5.427
blocks_winger                 1.2626      1.666      0.758      0.450      -2.028       4.554
blocks_attmid                 0.5589      3.460      0.162      0.872      -6.277       7.395
blocks_cm                    -2.0899      0.952     -2.195      0.030      -3.971      -0.209
blocks_cdm                   -0.5369      0.859     -0.625      0.533      -2.234       1.160
blocks_fullback              -1.2428      0.660     -1.882      0.062      -2.547       0.062
blocks_cb                    -0.2462      0.327     -0.754      0.452      -0.891       0.399
blocks_gk                  2.254e-14   1.05e-13      0.215      0.830   -1.85e-13     2.3e-13
aerials_won_striker          -0.2545      0.174     -1.463      0.146      -0.598       0.089
aerials_won_winger           -0.0345      0.232     -0.149      0.882      -0.493       0.424
aerials_won_attmid           -0.3086      2.890     -0.107      0.915      -6.019       5.402
aerials_won_cm               -0.1947      0.269     -0.724      0.470      -0.726       0.337
aerials_won_cdm              -0.2178      0.329     -0.661      0.510      -0.869       0.433
aerials_won_fullback         -0.2199      0.191     -1.151      0.252      -0.597       0.158
aerials_won_cb               -0.0180      0.140     -0.128      0.898      -0.295       0.259
aerials_won_gk               -1.1715      2.002     -0.585      0.559      -5.127       2.784
key_passes_striker            0.3673      0.676      0.543      0.588      -0.969       1.703
key_passes_winger            -0.6534      0.478     -1.367      0.174      -1.598       0.291
key_passes_attmid             0.1893      2.277      0.083      0.934      -4.308       4.687
key_passes_cm                -0.0744      0.636     -0.117      0.907      -1.331       1.182
key_passes_cdm               -0.6741      0.714     -0.944      0.347      -2.084       0.736
key_passes_fullback           0.1884      0.384      0.490      0.625      -0.571       0.948
key_passes_cb                 0.5958      0.675      0.882      0.379      -0.738       1.930
key_passes_gk                -0.0779      5.344     -0.015      0.988     -10.637      10.481
dribbles_striker             -0.3075      0.416     -0.740      0.461      -1.129       0.514
dribbles_winger               0.3355      0.231      1.453      0.148      -0.121       0.792
dribbles_attmid              -0.6212      1.974     -0.315      0.753      -4.522       3.279
dribbles_cm                   0.0578      0.447      0.129      0.897      -0.825       0.941
dribbles_cdm                  1.0416      0.808      1.289      0.199      -0.555       2.638
dribbles_fullback             0.3539      0.264      1.339      0.183      -0.168       0.876
dribbles_cb                   0.0252      0.642      0.039      0.969      -1.243       1.293
dribbles_gk                 -12.2267     10.212     -1.197      0.233     -32.403       7.949
crosses_striker               1.9580      1.024      1.913      0.058      -0.064       3.981
crosses_winger                0.6450      0.330      1.954      0.053      -0.007       1.297
crosses_attmid               -0.2259      1.284     -0.176      0.861      -2.762       2.310
crosses_cm                    0.3716      0.503      0.738      0.462      -0.623       1.366
crosses_cdm                  -0.5890      0.621     -0.949      0.344      -1.816       0.638
crosses_fullback             -0.2272      0.310     -0.733      0.465      -0.839       0.385
crosses_cb                   -1.1428      1.304     -0.877      0.382      -3.718       1.433
crosses_gk                 2.813e-15   9.35e-15      0.301      0.764   -1.57e-14    2.13e-14
long_balls_striker           -2.3175      1.037     -2.235      0.027      -4.366      -0.269
long_balls_winger            -0.2660      0.327     -0.814      0.417      -0.912       0.380
long_balls_attmid             0.4918      1.452      0.339      0.735      -2.377       3.360
long_balls_cm                -0.1826      0.253     -0.722      0.472      -0.683       0.317
long_balls_cdm                0.6797      0.299      2.275      0.024       0.090       1.270
long_balls_fullback           0.4594      0.182      2.525      0.013       0.100       0.819
long_balls_cb                 0.1277      0.133      0.963      0.337      -0.134       0.390
long_balls_gk                -0.1855      0.250     -0.743      0.459      -0.679       0.308
through_balls_striker         0.3312      2.362      0.140      0.889      -4.335       4.998
through_balls_winger          1.0862      1.798      0.604      0.547      -2.467       4.639
through_balls_attmid          5.6454      7.267      0.777      0.438      -8.712      20.003
through_balls_cm              1.6383      1.493      1.097      0.274      -1.312       4.588
through_balls_cdm             1.1221      1.372      0.818      0.415      -1.589       3.834
through_balls_fullback       -2.7240      2.271     -1.200      0.232      -7.211       1.763
through_balls_cb             -2.4625      1.569     -1.569      0.119      -5.563       0.638
through_balls_gk          -1.073e-14   1.45e-14     -0.742      0.459   -3.93e-14    1.79e-14
avg_passes_striker           -0.0436      0.055     -0.791      0.430      -0.152       0.065
avg_passes_winger             0.0349      0.029      1.185      0.238      -0.023       0.093
avg_passes_attmid             0.0170      0.034      0.497      0.620      -0.051       0.085
avg_passes_cm                 0.0167      0.019      0.894      0.373      -0.020       0.054
avg_passes_cdm               -0.0084      0.015     -0.582      0.561      -0.037       0.020
avg_passes_fullback           0.0034      0.012      0.286      0.776      -0.020       0.027
avg_passes_cb                 0.0116      0.007      1.592      0.114      -0.003       0.026
avg_passes_gk                 0.0369      0.028      1.318      0.189      -0.018       0.092
shots_striker                -0.0046      0.299     -0.015      0.988      -0.595       0.586
shots_winger                  0.6395      0.398      1.607      0.110      -0.147       1.426
shots_attmid                 -1.7049      4.702     -0.363      0.717     -10.995       7.585
shots_cm                      0.5712      0.391      1.461      0.146      -0.201       1.344
shots_cdm                     0.6141      0.646      0.950      0.344      -0.663       1.891
shots_fullback                0.3855      0.407      0.947      0.345      -0.419       1.190
shots_cb                      0.3785      0.619      0.612      0.542      -0.844       1.601
shots_gk                   3.077e-15   8.23e-15      0.374      0.709   -1.32e-14    1.93e-14
xg_striker                    0.0139      0.062      0.224      0.823      -0.109       0.137
xg_winger                    -0.1510      0.109     -1.380      0.170      -0.367       0.065
xg_attmid                     0.2082      1.102      0.189      0.850      -1.970       2.386
xg_cm                        -0.2753      0.121     -2.281      0.024      -0.514      -0.037
xg_cdm                        0.0910      0.266      0.343      0.732      -0.434       0.616
xg_fullback                   0.0768      0.138      0.557      0.578      -0.196       0.349
xg_cb                        -0.2973      0.164     -1.808      0.073      -0.622       0.028
xg_gk                        -2.9831      3.138     -0.951      0.343      -9.182       3.216
xg_p90_striker               -2.3061      2.085     -1.106      0.270      -6.425       1.813
xg_p90_winger                 3.4373      3.174      1.083      0.281      -2.834       9.708
xg_p90_attmid                -4.3680     20.093     -0.217      0.828     -44.066      35.330
xg_p90_cm                     3.8217      2.139      1.787      0.076      -0.404       8.047
xg_p90_cdm                   -2.5520      4.786     -0.533      0.595     -12.008       6.904
xg_p90_fullback               1.7194      1.518      1.133      0.259      -1.280       4.718
xg_p90_cb                     2.8479      1.675      1.701      0.091      -0.461       6.156
xg_p90_gk                    -2.9831      3.138     -0.951      0.343      -9.182       3.216
fouled_striker                0.1659      0.378      0.439      0.662      -0.581       0.913
fouled_winger                 0.2511      0.228      1.104      0.271      -0.198       0.701
fouled_attmid                 1.9428      1.810      1.073      0.285      -1.634       5.520
fouled_cm                     0.0116      0.219      0.053      0.958      -0.421       0.444
fouled_cdm                   -0.3033      0.486     -0.625      0.533      -1.263       0.656
fouled_fullback               0.1011      0.195      0.519      0.605      -0.284       0.486
fouled_cb                     0.0560      0.295      0.190      0.850      -0.527       0.639
fouled_gk                    -1.9075      2.773     -0.688      0.493      -7.386       3.571
==============================================================================
Omnibus:                       19.901   Durbin-Watson:                   1.818
Prob(Omnibus):                  0.000   Jarque-Bera (JB):               36.990
Skew:                          -0.347   Prob(JB):                     9.28e-09
Kurtosis:                       4.484   Cond. No.                     1.08e+16
==============================================================================

Notes:
[1] Standard Errors assume that the covariance matrix of the errors is correctly specified.
[2] The smallest eigenvalue is 8.03e-24. This might indicate that there are
strong multicollinearity problems or that the design matrix is singular.