                            OLS Regression Results                            
==============================================================================
Dep. Variable:       log_market_value   R-squared:                       0.948
Model:                            OLS   Adj. R-squared:                  0.852
Method:                 Least Squares   F-statistic:                     9.842
Date:                Sat, 21 Mar 2026   Prob (F-statistic):           4.21e-26
Time:                        09:38:39   Log-Likelihood:                -11.396
No. Observations:                 263   AIC:                             364.8
Df Residuals:                      92   BIC:                             975.6
Df Model:                         170                                         
Covariance Type:            nonrobust                                         
=============================================================================================
                                coef    std err          t      P>|t|      [0.025      0.975]
---------------------------------------------------------------------------------------------
minutes_played                0.0010      0.000      4.769      0.000       0.001       0.001
contract_months_remaining     0.4624      0.213      2.172      0.032       0.040       0.885
is_top4                       0.2900      0.194      1.491      0.139      -0.096       0.676
is_top6                      -0.2164      0.187     -1.157      0.250      -0.588       0.155
is_bottom6                   -0.3865      0.114     -3.383      0.001      -0.613      -0.160
is_historic_top6              0.4443      0.171      2.595      0.011       0.104       0.784
is_promoted                  -0.2571      0.141     -1.829      0.071      -0.536       0.022
rating                        0.8038      0.618      1.300      0.197      -0.424       2.032
xg_diff                       0.0296      0.067      0.439      0.662      -0.104       0.163
pass_success_pct              0.0285      0.011      2.708      0.008       0.008       0.049
fouls_per_game                0.0378      0.153      0.246      0.806      -0.267       0.343
dribbled_past_per_game        0.1664      0.267      0.622      0.535      -0.365       0.697
yellow_cards                  0.0507      0.031      1.652      0.102      -0.010       0.112
is_striker                   -2.8821      2.606     -1.106      0.272      -8.059       2.295
is_winger                    -1.9290      2.907     -0.664      0.509      -7.702       3.844
is_attacking_mid             -7.2047      4.918     -1.465      0.146     -16.972       2.562
is_central_mid                2.3016      2.924      0.787      0.433      -3.505       8.108
is_cdm                        2.4544      3.571      0.687      0.494      -4.637       9.546
is_fullback                  -1.7168      2.375     -0.723      0.472      -6.433       3.000
is_goalkeeper                10.1573     22.884      0.444      0.658     -35.293      55.608
is_brazilian                 -0.4220      0.317     -1.331      0.187      -1.052       0.208
is_french                     0.2025      0.186      1.092      0.278      -0.166       0.571
is_english                   -0.0591      0.450     -0.131      0.896      -0.953       0.835
is_spanish                    0.3930      0.511      0.769      0.444      -0.622       1.408
is_german                     0.0289      0.100      0.290      0.773      -0.169       0.227
is_argentinian               -0.1466      0.971     -0.151      0.880      -2.076       1.782
is_portuguese                 0.3594      0.301      1.196      0.235      -0.238       0.957
is_african                    0.0541      0.200      0.270      0.787      -0.343       0.451
is_asian                     -0.1761      0.254     -0.693      0.490      -0.681       0.329
is_south_american_other       0.7655      0.771      0.993      0.323      -0.766       2.297
striker_age                  -0.1780      0.035     -5.052      0.000      -0.248      -0.108
winger_age                   -0.1255      0.046     -2.717      0.008      -0.217      -0.034
attmid_age                   -0.1745      0.037     -4.662      0.000      -0.249      -0.100
cm_age                       -0.1588      0.037     -4.280      0.000      -0.233      -0.085
cdm_age                      -0.0678      0.058     -1.170      0.245      -0.183       0.047
fullback_age                 -0.1340      0.031     -4.323      0.000      -0.196      -0.072
cb_age                       -0.2150      0.021    -10.073      0.000      -0.257      -0.173
gk_age                       -0.2766      0.142     -1.946      0.055      -0.559       0.006
striker_age_sq               -0.0182      0.010     -1.822      0.072      -0.038       0.002
winger_age_sq                -0.0031      0.010     -0.302      0.763      -0.023       0.017
attmid_age_sq                -0.0054      0.008     -0.690      0.492      -0.021       0.010
cm_age_sq                     0.0119      0.009      1.303      0.196      -0.006       0.030
cdm_age_sq                   -0.0141      0.016     -0.856      0.394      -0.047       0.019
fullback_age_sq               0.0014      0.004      0.339      0.735      -0.007       0.009
cb_age_sq                    -0.0133      0.005     -2.718      0.008      -0.023      -0.004
gk_age_sq                    -0.0128      0.019     -0.657      0.513      -0.051       0.026
striker_goals_per_90          1.3118      0.927      1.416      0.160      -0.529       3.152
winger_goals_per_90           0.3778      1.254      0.301      0.764      -2.113       2.868
attmid_goals_per_90           1.1087      1.692      0.655      0.514      -2.252       4.469
cm_goals_per_90               1.6422      1.592      1.031      0.305      -1.520       4.805
cdm_goals_per_90             -2.5514      2.733     -0.933      0.353      -7.980       2.877
fullback_goals_per_90         1.1491      2.171      0.529      0.598      -3.164       5.462
cb_goals_per_90              -0.0674      1.886     -0.036      0.972      -3.813       3.678
striker_assists_per_90        1.2454      0.836      1.489      0.140      -0.416       2.907
winger_assists_per_90         1.2972      0.950      1.365      0.176      -0.590       3.185
attmid_assists_per_90         0.6357      1.397      0.455      0.650      -2.140       3.411
cm_assists_per_90             2.4069      2.476      0.972      0.334      -2.510       7.324
cdm_assists_per_90            3.7032      7.262      0.510      0.611     -10.721      18.127
fullback_assists_per_90       0.1033      0.802      0.129      0.898      -1.490       1.696
cb_assists_per_90             2.0790      2.196      0.947      0.346      -2.283       6.441
gk_save_pct                  -0.0044      0.301     -0.015      0.988      -0.603       0.594
gk_cs_per_90                 -9.1430      4.119     -2.220      0.029     -17.324      -0.962
gk_ga_per_90                 -2.0010      7.129     -0.281      0.780     -16.160      12.158
gk_sota_per_90               -1.1333      2.048     -0.553      0.581      -5.200       2.934
gk_pk_save_pct               -1.4692      1.441     -1.020      0.311      -4.331       1.393
tackles_striker               0.2347      0.573      0.410      0.683      -0.903       1.372
tackles_winger               -0.6005      0.436     -1.376      0.172      -1.467       0.266
tackles_attmid                0.0979      0.491      0.199      0.842      -0.877       1.072
tackles_cm                   -0.0372      0.375     -0.099      0.921      -0.781       0.707
tackles_cdm                  -0.2181      0.290     -0.752      0.454      -0.794       0.358
tackles_fullback              0.1061      0.235      0.452      0.652      -0.360       0.572
tackles_cb                   -0.5689      0.218     -2.611      0.011      -1.002      -0.136
tackles_gk                    3.7594     15.675      0.240      0.811     -27.373      34.892
interceptions_striker         0.8568      1.187      0.722      0.472      -1.501       3.215
interceptions_winger          1.6656      0.858      1.941      0.055      -0.039       3.370
interceptions_attmid         -0.6926      1.419     -0.488      0.627      -3.512       2.126
interceptions_cm             -0.1674      0.392     -0.427      0.670      -0.945       0.610
interceptions_cdm            -0.0414      0.260     -0.159      0.874      -0.557       0.474
interceptions_fullback       -0.3003      0.353     -0.850      0.398      -1.002       0.402
interceptions_cb              0.4762      0.292      1.631      0.106      -0.104       1.056
interceptions_gk          -3.573e-14   9.33e-14     -0.383      0.703   -2.21e-13     1.5e-13
clearances_striker           -0.8464      0.405     -2.090      0.039      -1.651      -0.042
clearances_winger            -0.4930      0.547     -0.901      0.370      -1.580       0.594
clearances_attmid            -0.0294      0.696     -0.042      0.966      -1.411       1.352
clearances_cm                -0.4865      0.316     -1.541      0.127      -1.113       0.141
clearances_cdm               -0.4353      0.261     -1.666      0.099      -0.954       0.084
clearances_fullback          -0.3579      0.210     -1.702      0.092      -0.776       0.060
clearances_cb                -0.1121      0.100     -1.118      0.266      -0.311       0.087
clearances_gk                -0.7725      1.421     -0.543      0.588      -3.596       2.051
blocks_striker               -5.1409      2.127     -2.417      0.018      -9.365      -0.917
blocks_winger                 0.5674      1.979      0.287      0.775      -3.363       4.498
blocks_attmid                -0.2815      1.564     -0.180      0.858      -3.388       2.825
blocks_cm                     0.9283      1.199      0.774      0.441      -1.453       3.310
blocks_cdm                    2.3459      1.422      1.650      0.102      -0.478       5.170
blocks_fullback              -0.2638      0.853     -0.309      0.758      -1.959       1.431
blocks_cb                    -0.2314      0.391     -0.592      0.555      -1.008       0.545
blocks_gk                 -2.348e-15   2.35e-14     -0.100      0.920   -4.89e-14    4.42e-14
aerials_won_striker           0.5293      0.228      2.322      0.022       0.076       0.982
aerials_won_winger            0.2289      0.328      0.697      0.487      -0.423       0.881
aerials_won_attmid           -0.0492      0.551     -0.089      0.929      -1.143       1.045
aerials_won_cm                0.2950      0.327      0.901      0.370      -0.355       0.945
aerials_won_cdm               0.3173      0.271      1.170      0.245      -0.221       0.856
aerials_won_fullback          0.2511      0.281      0.893      0.374      -0.307       0.810
aerials_won_cb               -0.0359      0.150     -0.240      0.811      -0.333       0.261
aerials_won_gk               -0.7727      2.085     -0.371      0.712      -4.913       3.368
key_passes_striker           -0.0130      0.329     -0.039      0.969      -0.666       0.640
key_passes_winger            -0.4572      0.278     -1.642      0.104      -1.010       0.096
key_passes_attmid            -0.0050      0.365     -0.014      0.989      -0.730       0.720
key_passes_cm                 0.0516      0.392      0.132      0.895      -0.727       0.830
key_passes_cdm                0.3736      0.692      0.540      0.591      -1.001       1.748
key_passes_fullback          -0.3250      0.192     -1.696      0.093      -0.706       0.056
key_passes_cb                -0.2005      0.317     -0.632      0.529      -0.830       0.429
key_passes_gk                 5.0674      2.692      1.883      0.063      -0.278      10.413
dribbles_striker              0.5824      0.742      0.785      0.435      -0.892       2.057
dribbles_winger              -0.0623      0.301     -0.207      0.836      -0.661       0.536
dribbles_attmid              -0.2407      0.563     -0.428      0.670      -1.358       0.877
dribbles_cm                  -0.4752      0.451     -1.053      0.295      -1.372       0.421
dribbles_cdm                  0.9841      1.171      0.841      0.403      -1.341       3.309
dribbles_fullback             0.6854      0.467      1.468      0.146      -0.242       1.613
dribbles_cb                  -0.3272      0.525     -0.623      0.535      -1.370       0.715
dribbles_gk                  12.8850      7.641      1.686      0.095      -2.290      28.060
crosses_striker               0.0203      0.022      0.925      0.358      -0.023       0.064
crosses_winger                0.0193      0.026      0.743      0.460      -0.032       0.071
crosses_attmid                0.0766      0.049      1.561      0.122      -0.021       0.174
crosses_cm                   -0.0464      0.025     -1.842      0.069      -0.096       0.004
crosses_cdm                  -0.0556      0.031     -1.783      0.078      -0.118       0.006
crosses_fullback              0.0088      0.020      0.441      0.660      -0.031       0.049
crosses_cb                   -0.0110      0.019     -0.586      0.560      -0.048       0.026
crosses_gk                    0.0165      0.029      0.563      0.575      -0.042       0.075
long_balls_striker           -1.5582      1.554     -1.002      0.319      -4.645       1.529
long_balls_winger             0.6320      0.478      1.322      0.189      -0.317       1.582
long_balls_attmid             0.4818      0.863      0.558      0.578      -1.232       2.195
long_balls_cm                -0.4919      0.737     -0.668      0.506      -1.956       0.972
long_balls_cdm               -0.1324      1.006     -0.132      0.896      -2.131       1.866
long_balls_fullback           0.3440      0.326      1.056      0.294      -0.303       0.991
long_balls_cb                -0.2928      0.824     -0.355      0.723      -1.929       1.343
long_balls_gk             -6.264e-15   6.72e-14     -0.093      0.926    -1.4e-13    1.27e-13
through_balls_striker         0.1536      0.391      0.393      0.695      -0.623       0.930
through_balls_winger         -0.5058      0.423     -1.195      0.235      -1.346       0.335
through_balls_attmid         -0.0936      0.355     -0.263      0.793      -0.799       0.612
through_balls_cm              0.0752      0.224      0.336      0.738      -0.370       0.520
through_balls_cdm             0.4586      0.256      1.794      0.076      -0.049       0.966
through_balls_fullback        0.0826      0.164      0.504      0.616      -0.243       0.408
through_balls_cb              0.0558      0.091      0.614      0.541      -0.125       0.236
through_balls_gk             -0.0448      0.090     -0.495      0.622      -0.224       0.135
avg_passes_striker           -0.0130      0.329     -0.039      0.969      -0.666       0.640
avg_passes_winger            -0.4572      0.278     -1.642      0.104      -1.010       0.096
avg_passes_attmid            -0.0050      0.365     -0.014      0.989      -0.730       0.720
avg_passes_cm                 0.0516      0.392      0.132      0.895      -0.727       0.830
avg_passes_cdm                0.3736      0.692      0.540      0.591      -1.001       1.748
avg_passes_fullback          -0.3250      0.192     -1.696      0.093      -0.706       0.056
avg_passes_cb                -0.2005      0.317     -0.632      0.529      -0.830       0.429
avg_passes_gk                 5.0674      2.692      1.883      0.063      -0.278      10.413
shots_striker                 0.0728      0.650      0.112      0.911      -1.219       1.364
shots_winger                  0.0228      1.092      0.021      0.983      -2.145       2.191
shots_attmid                 -0.4799      1.562     -0.307      0.759      -3.583       2.623
shots_cm                      1.0274      1.047      0.981      0.329      -1.052       3.107
shots_cdm                     4.7835      2.615      1.829      0.071      -0.411       9.978
shots_fullback               -0.2831      1.040     -0.272      0.786      -2.348       1.781
shots_cb                      0.4905      1.145      0.428      0.669      -1.784       2.765
shots_gk                   1.314e-15   1.72e-15      0.764      0.447    -2.1e-15    4.73e-15
xg_striker                   -0.9468      2.220     -0.426      0.671      -5.356       3.462
xg_winger                     1.3216      1.446      0.914      0.363      -1.550       4.194
xg_attmid                     2.4022      1.600      1.502      0.137      -0.775       5.579
xg_cm                         0.7024      1.663      0.422      0.674      -2.601       4.006
xg_cdm                       -4.1585      3.738     -1.112      0.269     -11.583       3.266
xg_fullback                   0.6412      2.714      0.236      0.814      -4.748       6.031
xg_cb                         2.8759      2.584      1.113      0.269      -2.257       8.009
xg_gk                     -1.655e-16   4.82e-16     -0.344      0.732   -1.12e-15    7.91e-16
xg_p90_striker               -0.0280      0.030     -0.920      0.360      -0.088       0.032
xg_p90_winger                -0.0137      0.037     -0.372      0.711      -0.087       0.059
xg_p90_attmid                -0.0166      0.052     -0.322      0.748      -0.119       0.086
xg_p90_cm                    -0.0663      0.051     -1.291      0.200      -0.168       0.036
xg_p90_cdm                   -0.2599      0.098     -2.665      0.009      -0.454      -0.066
xg_p90_fullback               0.0023      0.048      0.047      0.963      -0.094       0.098
xg_p90_cb                    -0.0177      0.049     -0.358      0.721      -0.116       0.080
xg_p90_gk                    -0.5130      0.514     -0.999      0.321      -1.533       0.507
fouled_striker                0.3199      0.397      0.806      0.423      -0.469       1.109
fouled_winger                -0.2020      0.320     -0.632      0.529      -0.837       0.433
fouled_attmid                 0.3889      0.701      0.555      0.580      -1.003       1.781
fouled_cm                     0.0726      0.271      0.268      0.789      -0.465       0.610
fouled_cdm                   -0.5265      0.331     -1.592      0.115      -1.183       0.130
fouled_fullback              -0.7007      0.261     -2.684      0.009      -1.219      -0.182
fouled_cb                    -0.0783      0.263     -0.298      0.766      -0.600       0.443
fouled_gk                    -5.9067      4.301     -1.373      0.173     -14.448       2.635
==============================================================================
Omnibus:                        0.751   Durbin-Watson:                   1.839
Prob(Omnibus):                  0.687   Jarque-Bera (JB):                0.485
Skew:                          -0.054   Prob(JB):                        0.784
Kurtosis:                       3.181   Cond. No.                     1.00e+16
==============================================================================

Notes:
[1] Standard Errors assume that the covariance matrix of the errors is correctly specified.
[2] The smallest eigenvalue is 6.56e-24. This might indicate that there are
strong multicollinearity problems or that the design matrix is singular.