                            OLS Regression Results                            
==============================================================================
Dep. Variable:       log_market_value   R-squared:                       0.988
Model:                            OLS   Adj. R-squared:                  0.899
Method:                 Least Squares   F-statistic:                     11.03
Date:                Fri, 20 Mar 2026   Prob (F-statistic):           3.43e-08
Time:                        09:57:00   Log-Likelihood:                 141.20
No. Observations:                 182   AIC:                             39.60
Df Residuals:                      21   BIC:                             555.4
Df Model:                         160                                         
Covariance Type:            nonrobust                                         
=============================================================================================
                                coef    std err          t      P>|t|      [0.025      0.975]
---------------------------------------------------------------------------------------------
minutes_played               -0.0002      0.000     -1.154      0.262      -0.001       0.000
contract_months_remaining     0.1241      0.276      0.449      0.658      -0.450       0.699
is_top4                       0.0897      0.249      0.361      0.722      -0.427       0.607
is_top6                       0.1798      0.216      0.834      0.414      -0.269       0.628
is_bottom6                   -0.1748      0.192     -0.908      0.374      -0.575       0.225
rating                        2.3651      0.778      3.040      0.006       0.747       3.983
xg_diff                      -0.1426      0.082     -1.736      0.097      -0.313       0.028
pass_success_pct             -0.0037      0.023     -0.161      0.874      -0.051       0.044
fouls_per_game               -0.5342      0.390     -1.371      0.185      -1.344       0.276
dribbled_past_per_game       -0.2441      0.410     -0.595      0.558      -1.097       0.609
yellow_cards                  0.0641      0.042      1.510      0.146      -0.024       0.152
is_striker                   -0.8398      2.012     -0.417      0.681      -5.024       3.344
is_winger                    -2.6784      1.384     -1.935      0.067      -5.557       0.200
is_attacking_mid              0.8885      1.574      0.565      0.578      -2.384       4.161
is_central_mid               -1.6877      1.291     -1.307      0.205      -4.372       0.997
is_cdm                        0.7241      1.921      0.377      0.710      -3.270       4.718
is_fullback                  -1.5264      1.824     -0.837      0.412      -5.319       2.266
is_goalkeeper                -2.7110      2.057     -1.318      0.202      -6.988       1.566
is_brazilian                  0.1923      0.333      0.577      0.570      -0.501       0.886
is_french                     0.0368      0.220      0.167      0.869      -0.421       0.495
is_english                   -0.0125      0.138     -0.090      0.929      -0.300       0.276
is_spanish                    0.2555      0.379      0.674      0.508      -0.533       1.044
is_german                    -0.6616      1.376     -0.481      0.636      -3.523       2.200
is_argentinian                0.6198      0.483      1.284      0.213      -0.384       1.624
is_portuguese                 0.9981      0.409      2.438      0.024       0.147       1.850
is_african                   -0.1299      0.264     -0.491      0.628      -0.680       0.420
is_asian                      0.3912      0.758      0.516      0.611      -1.185       1.967
is_south_american_other      -0.2439      0.510     -0.479      0.637      -1.304       0.816
striker_age                   0.1321      0.266      0.497      0.624      -0.421       0.685
winger_age                   -0.0312      0.055     -0.565      0.578      -0.146       0.084
attmid_age                   -0.2908      0.119     -2.449      0.023      -0.538      -0.044
cm_age                       -0.2947      0.044     -6.691      0.000      -0.386      -0.203
cdm_age                      -0.2037      0.096     -2.130      0.045      -0.403      -0.005
fullback_age                 -0.1759      0.047     -3.725      0.001      -0.274      -0.078
cb_age                       -0.1641      0.028     -5.773      0.000      -0.223      -0.105
gk_age                       -0.3079      0.076     -4.040      0.001      -0.466      -0.149
striker_age_sq               -0.0808      0.077     -1.053      0.304      -0.241       0.079
winger_age_sq                 0.0013      0.011      0.116      0.909      -0.022       0.025
attmid_age_sq                -0.0840      0.052     -1.619      0.120      -0.192       0.024
cm_age_sq                    -0.0353      0.013     -2.651      0.015      -0.063      -0.008
cdm_age_sq                   -0.0224      0.014     -1.639      0.116      -0.051       0.006
fullback_age_sq              -0.0163      0.013     -1.291      0.211      -0.043       0.010
cb_age_sq                    -0.0070      0.006     -1.169      0.256      -0.020       0.005
gk_age_sq                     0.0053      0.009      0.571      0.574      -0.014       0.025
striker_goals_per_90          2.9920      3.478      0.860      0.399      -4.241      10.225
winger_goals_per_90           4.8796      2.266      2.153      0.043       0.167       9.592
attmid_goals_per_90           1.7688      0.918      1.927      0.068      -0.140       3.677
cm_goals_per_90               0.9394      1.716      0.547      0.590      -2.630       4.508
cdm_goals_per_90              0.1192      0.478      0.250      0.805      -0.874       1.113
fullback_goals_per_90         3.1085      3.769      0.825      0.419      -4.730      10.947
cb_goals_per_90               4.4194      2.404      1.839      0.080      -0.579       9.418
gk_goals_per_90            2.988e-13   2.85e-13      1.047      0.307   -2.95e-13    8.92e-13
striker_assists_per_90       -0.8769      6.209     -0.141      0.889     -13.790      12.036
winger_assists_per_90        -3.7911      1.531     -2.475      0.022      -6.976      -0.606
attmid_assists_per_90         0.3830      0.332      1.153      0.262      -0.308       1.074
cm_assists_per_90             2.0768      2.228      0.932      0.362      -2.557       6.710
cdm_assists_per_90            0.8772      3.072      0.286      0.778      -5.511       7.266
fullback_assists_per_90       1.9692      3.219      0.612      0.547      -4.726       8.664
cb_assists_per_90            -0.6155      4.610     -0.134      0.895     -10.202       8.971
gk_assists_per_90             0.7174      0.485      1.480      0.154      -0.291       1.726
tackles_striker               0.7115      3.912      0.182      0.857      -7.423       8.846
tackles_winger               -0.4898      0.740     -0.661      0.516      -2.030       1.050
tackles_attmid               -1.5778      0.769     -2.052      0.053      -3.177       0.021
tackles_cm                   -0.0810      0.645     -0.126      0.901      -1.423       1.261
tackles_cdm                   0.0263      0.511      0.051      0.959      -1.035       1.088
tackles_fullback              0.3855      0.323      1.193      0.246      -0.286       1.057
tackles_cb                    0.4712      0.386      1.221      0.236      -0.332       1.274
tackles_gk                    8.5163      3.007      2.832      0.010       2.262      14.770
interceptions_striker         5.1264      6.025      0.851      0.404      -7.403      17.656
interceptions_winger         -1.4263      1.272     -1.121      0.275      -4.072       1.220
interceptions_attmid          0.9949      1.141      0.872      0.393      -1.379       3.369
interceptions_cm             -0.8654      1.375     -0.630      0.536      -3.724       1.993
interceptions_cdm            -0.8236      1.006     -0.819      0.422      -2.915       1.268
interceptions_fullback       -0.2443      0.482     -0.507      0.618      -1.247       0.758
interceptions_cb             -0.1769      0.333     -0.532      0.600      -0.869       0.515
interceptions_gk             21.1399     10.236      2.065      0.051      -0.147      42.426
clearances_striker            0.8136      2.423      0.336      0.740      -4.226       5.853
clearances_winger             0.3020      0.608      0.497      0.624      -0.962       1.566
clearances_attmid             1.6180      0.964      1.678      0.108      -0.387       3.623
clearances_cm                 0.1918      0.758      0.253      0.803      -1.385       1.769
clearances_cdm                0.8701      1.292      0.674      0.508      -1.816       3.557
clearances_fullback           0.4453      0.301      1.478      0.154      -0.181       1.072
clearances_cb                -0.2163      0.149     -1.456      0.160      -0.525       0.093
clearances_gk                 0.8968      0.725      1.236      0.230      -0.612       2.405
blocks_striker               -5.7124      5.126     -1.114      0.278     -16.372       4.947
blocks_winger                -0.0797      1.874     -0.043      0.966      -3.977       3.817
blocks_attmid                 0.8299      0.758      1.094      0.286      -0.747       2.407
blocks_cm                    -0.7304      1.280     -0.571      0.574      -3.391       1.931
blocks_cdm                    0.4765      0.974      0.489      0.630      -1.549       2.502
blocks_fullback              -1.4404      1.067     -1.350      0.191      -3.659       0.778
blocks_cb                     0.4351      0.487      0.893      0.382      -0.578       1.448
blocks_gk                  1.053e-13   5.54e-14      1.902      0.071   -9.85e-15     2.2e-13
aerials_won_striker          -0.0170      0.643     -0.026      0.979      -1.353       1.319
aerials_won_winger            0.0679      0.646      0.105      0.917      -1.276       1.412
aerials_won_attmid           -0.0543      0.874     -0.062      0.951      -1.871       1.763
aerials_won_cm                0.8036      0.602      1.335      0.196      -0.448       2.056
aerials_won_cdm              -1.0851      1.366     -0.794      0.436      -3.926       1.756
aerials_won_fullback         -0.5015      0.374     -1.341      0.194      -1.279       0.276
aerials_won_cb               -0.3854      0.272     -1.416      0.172      -0.952       0.181
aerials_won_gk                1.5210      3.573      0.426      0.675      -5.909       8.951
key_passes_striker            3.1233      2.934      1.064      0.299      -2.979       9.225
key_passes_winger            -0.3470      0.580     -0.598      0.556      -1.553       0.859
key_passes_attmid             0.6982      1.179      0.592      0.560      -1.753       3.150
key_passes_cm                -0.7886      0.807     -0.978      0.339      -2.466       0.889
key_passes_cdm                0.4450      1.939      0.229      0.821      -3.588       4.478
key_passes_fullback           0.1652      1.487      0.111      0.913      -2.928       3.259
key_passes_cb                 0.3098      0.942      0.329      0.746      -1.650       2.270
key_passes_gk                 6.8424      4.481      1.527      0.142      -2.476      16.161
dribbles_striker             -1.3326      1.106     -1.205      0.241      -3.632       0.967
dribbles_winger               0.3605      0.273      1.320      0.201      -0.208       0.929
dribbles_attmid               0.0903      0.620      0.146      0.886      -1.199       1.379
dribbles_cm                  -1.2111      0.750     -1.615      0.121      -2.770       0.348
dribbles_cdm                 -0.1561      1.648     -0.095      0.925      -3.583       3.270
dribbles_fullback            -0.9155      0.412     -2.223      0.037      -1.772      -0.059
dribbles_cb                  -0.6531      0.785     -0.832      0.415      -2.286       0.979
dribbles_gk                  -1.9181      2.195     -0.874      0.392      -6.483       2.647
crosses_striker              -6.4333      9.973     -0.645      0.526     -27.173      14.307
crosses_winger                0.1206      0.428      0.282      0.781      -0.770       1.011
crosses_attmid               -2.4221      0.928     -2.611      0.016      -4.351      -0.493
crosses_cm                   -0.6632      0.544     -1.218      0.237      -1.795       0.469
crosses_cdm                  -1.5159      2.405     -0.630      0.535      -6.517       3.485
crosses_fullback             -0.7499      1.366     -0.549      0.589      -3.590       2.090
crosses_cb                    0.7055      1.885      0.374      0.712      -3.214       4.625
crosses_gk                 4.109e-14   2.42e-14      1.696      0.105    -9.3e-15    9.15e-14
long_balls_striker            0.7948      1.444      0.551      0.588      -2.208       3.797
long_balls_winger             0.6205      0.822      0.755      0.459      -1.089       2.330
long_balls_attmid             1.2241      0.455      2.691      0.014       0.278       2.170
long_balls_cm                 0.8221      0.538      1.528      0.141      -0.297       1.941
long_balls_cdm                0.4726      0.652      0.725      0.476      -0.883       1.828
long_balls_fullback          -0.3310      0.516     -0.641      0.528      -1.405       0.743
long_balls_cb                 0.2608      0.150      1.740      0.097      -0.051       0.573
long_balls_gk                 0.0876      0.202      0.434      0.669      -0.332       0.508
through_balls_striker         5.1452     11.485      0.448      0.659     -18.738      29.029
through_balls_winger          2.0608      1.898      1.086      0.290      -1.887       6.008
through_balls_attmid         -1.4665      1.060     -1.383      0.181      -3.671       0.738
through_balls_cm             -8.7172      3.085     -2.826      0.010     -15.133      -2.302
through_balls_cdm             0.6996      1.141      0.613      0.546      -1.672       3.071
through_balls_fullback        0.1518      3.676      0.041      0.967      -7.492       7.796
through_balls_cb             -4.8766      3.239     -1.506      0.147     -11.613       1.859
through_balls_gk           -1.37e-14   1.76e-14     -0.779      0.445   -5.03e-14    2.29e-14
avg_passes_striker            0.0241      0.084      0.286      0.778      -0.151       0.199
avg_passes_winger             0.0152      0.037      0.415      0.683      -0.061       0.092
avg_passes_attmid            -0.0423      0.053     -0.800      0.433      -0.152       0.068
avg_passes_cm                 0.0605      0.026      2.285      0.033       0.005       0.116
avg_passes_cdm               -0.0324      0.092     -0.353      0.727      -0.223       0.158
avg_passes_fullback           0.0365      0.025      1.441      0.164      -0.016       0.089
avg_passes_cb                 0.0091      0.009      1.058      0.302      -0.009       0.027
avg_passes_gk                 0.0084      0.067      0.126      0.901      -0.132       0.148
shots_striker                -0.4373      0.412     -1.062      0.300      -1.293       0.419
shots_winger                  0.9042      0.449      2.013      0.057      -0.030       1.838
shots_attmid                  1.1218      0.660      1.699      0.104      -0.251       2.495
shots_cm                      0.5199      0.930      0.559      0.582      -1.414       2.454
shots_cdm                    -0.0764      0.988     -0.077      0.939      -2.131       1.978
shots_fullback                0.2268      1.372      0.165      0.870      -2.627       3.081
shots_cb                     -1.3852      0.837     -1.656      0.113      -3.125       0.355
shots_gk                  -8.422e-15   3.87e-15     -2.176      0.041   -1.65e-14   -3.75e-16
xg_striker                   -0.1265      0.151     -0.836      0.413      -0.441       0.188
xg_winger                    -0.2559      0.107     -2.386      0.027      -0.479      -0.033
xg_attmid                    -0.5258      0.176     -2.989      0.007      -0.892      -0.160
xg_cm                        -0.6267      0.426     -1.473      0.156      -1.512       0.258
xg_cdm                       -0.0916      0.197     -0.465      0.647      -0.502       0.318
xg_fullback                   0.0512      0.493      0.104      0.918      -0.973       1.076
xg_cb                         0.2355      0.194      1.214      0.238      -0.168       0.639
xg_gk                         2.3044      4.224      0.546      0.591      -6.480      11.089
xg_p90_striker                0.2152      0.578      0.372      0.714      -0.988       1.418
xg_p90_winger                10.2442      7.527      1.361      0.188      -5.410      25.898
xg_p90_attmid                 0.1844      0.230      0.801      0.432      -0.294       0.663
xg_p90_cm                    14.5778     13.143      1.109      0.280     -12.755      41.910
xg_p90_cdm                    0.1876      0.952      0.197      0.846      -1.793       2.168
xg_p90_fullback              -7.0189      7.763     -0.904      0.376     -23.164       9.126
xg_p90_cb                    -1.2580      1.867     -0.674      0.508      -5.140       2.624
xg_p90_gk                     2.3044      4.224      0.546      0.591      -6.480      11.089
fouled_striker               -0.7007      0.613     -1.143      0.266      -1.976       0.575
fouled_winger                 0.5823      0.399      1.459      0.159      -0.248       1.412
fouled_attmid                 1.5397      1.245      1.237      0.230      -1.050       4.129
fouled_cm                     1.3303      0.311      4.283      0.000       0.684       1.976
fouled_cdm                    0.8629      1.469      0.587      0.563      -2.192       3.918
fouled_fullback               0.6156      0.492      1.252      0.224      -0.407       1.638
fouled_cb                    -0.0171      0.558     -0.031      0.976      -1.178       1.144
fouled_gk                    -3.1267      2.567     -1.218      0.237      -8.466       2.213
==============================================================================
Omnibus:                       17.645   Durbin-Watson:                   1.983
Prob(Omnibus):                  0.000   Jarque-Bera (JB):               62.502
Skew:                          -0.125   Prob(JB):                     2.68e-14
Kurtosis:                       5.860   Cond. No.                     1.00e+16
==============================================================================

Notes:
[1] Standard Errors assume that the covariance matrix of the errors is correctly specified.
[2] The smallest eigenvalue is 9.91e-24. This might indicate that there are
strong multicollinearity problems or that the design matrix is singular.