                            OLS Regression Results                            
==============================================================================
Dep. Variable:                      y   R-squared:                       0.935
Model:                            OLS   Adj. R-squared:                  0.827
Method:                 Least Squares   F-statistic:                     8.600
Date:                Thu, 02 Apr 2026   Prob (F-statistic):           2.70e-32
Time:                        18:32:32   Log-Likelihood:                -98.742
No. Observations:                 347   AIC:                             633.5
Df Residuals:                     129   BIC:                             1473.
Df Model:                         217                                         
Covariance Type:            nonrobust                                         
==============================================================================================
                                 coef    std err          t      P>|t|      [0.025      0.975]
----------------------------------------------------------------------------------------------
const                         12.7301      1.035     12.305      0.000      10.683      14.777
minutes_played                 0.0006      0.000      6.263      0.000       0.000       0.001
is_top4                        0.9960      0.222      4.477      0.000       0.556       1.436
is_top6                        0.7232      0.160      4.519      0.000       0.407       1.040
is_bottom6                    -0.2035      0.141     -1.443      0.151      -0.483       0.076
is_historic_top                0.4677      0.284      1.646      0.102      -0.094       1.030
is_promoted                   -0.2000      0.179     -1.119      0.265      -0.554       0.154
yellow_cards                   0.0034      0.022      0.154      0.878      -0.040       0.047
pass_success_pct               0.0086      0.011      0.789      0.431      -0.013       0.030
fouls_per_game                -0.0921      0.159     -0.580      0.563      -0.407       0.222
dribbled_past_per_game        -0.1944      0.224     -0.867      0.387      -0.638       0.249
xg_diff                        0.0012      0.071      0.017      0.987      -0.139       0.141
is_brazilian                   0.0779      0.321      0.243      0.808      -0.557       0.713
is_french                     -0.2455      0.231     -1.063      0.290      -0.703       0.212
is_english                    -0.5755      0.674     -0.854      0.395      -1.908       0.757
is_spanish                    -0.2088      0.146     -1.432      0.154      -0.497       0.080
is_german                      0.4515      0.552      0.818      0.415      -0.640       1.544
is_argentine                  -0.0564      0.283     -0.199      0.843      -0.617       0.504
is_portuguese                  0.2107      0.478      0.441      0.660      -0.735       1.156
is_african                     0.0332      0.198      0.168      0.867      -0.359       0.425
is_asian                       0.0274      0.527      0.052      0.959      -1.015       1.070
is_south_american_other        0.3598      0.252      1.426      0.156      -0.139       0.859
is_goalkeeper                 -1.3151      2.718     -0.484      0.629      -6.693       4.063
is_left_back                   2.9215      1.386      2.108      0.037       0.179       5.664
is_right_back                  1.5694      0.853      1.839      0.068      -0.119       3.258
is_cdm                        -0.6868      1.194     -0.575      0.566      -3.049       1.675
is_central_mid                 1.1381      0.762      1.493      0.138      -0.370       2.646
is_attacking_mid              -1.7669      1.834     -0.964      0.337      -5.395       1.861
is_left_winger                 0.3359      0.987      0.340      0.734      -1.618       2.289
is_right_winger                0.4852      0.932      0.521      0.604      -1.359       2.329
is_striker                     0.2132      0.840      0.254      0.800      -1.448       1.875
age_gk                        -0.2021      0.118     -1.708      0.090      -0.436       0.032
age_sq_gk                      0.0008      0.020      0.041      0.967      -0.038       0.040
age_cb                        -0.1467      0.018     -8.095      0.000      -0.183      -0.111
age_sq_cb                     -0.0107      0.004     -2.627      0.010      -0.019      -0.003
age_lb                        -0.0398      0.042     -0.946      0.346      -0.123       0.044
age_sq_lb                     -0.0356      0.011     -3.109      0.002      -0.058      -0.013
age_rb                        -0.1187      0.028     -4.229      0.000      -0.174      -0.063
age_sq_rb                     -0.0151      0.006     -2.505      0.013      -0.027      -0.003
age_cdm                       -0.0134      0.069     -0.194      0.847      -0.151       0.124
age_sq_cdm                    -0.0259      0.015     -1.717      0.088      -0.056       0.004
age_cm                        -0.2012      0.032     -6.249      0.000      -0.265      -0.138
age_sq_cm                     -0.0047      0.005     -1.026      0.307      -0.014       0.004
age_am                        -0.1193      0.081     -1.466      0.145      -0.280       0.042
age_sq_am                     -0.0112      0.014     -0.815      0.416      -0.039       0.016
age_lw                        -0.3412      0.088     -3.884      0.000      -0.515      -0.167
age_sq_lw                     -0.0166      0.015     -1.119      0.265      -0.046       0.013
age_rw                        -0.1330      0.056     -2.382      0.019      -0.244      -0.023
age_sq_rw                     -0.0023      0.012     -0.185      0.854      -0.027       0.022
age_st                        -0.1244      0.032     -3.882      0.000      -0.188      -0.061
age_sq_st                     -0.0067      0.004     -1.567      0.120      -0.015       0.002
assists_per_90_gk              3.1090      5.788      0.537      0.592      -8.342      14.560
tackles_per_game_gk           -7.6606      3.927     -1.951      0.053     -15.429       0.108
clearances_per_game_gk        -0.1181      1.566     -0.075      0.940      -3.217       2.981
aerials_won_gk                 0.9291      1.914      0.485      0.628      -2.858       4.716
key_passes_per_game_gk         7.8207      7.145      1.095      0.276      -6.317      21.958
dribbles_per_game_gk          -0.1591      3.167     -0.050      0.960      -6.426       6.107
long_balls_per_game_gk         0.1255      0.146      0.857      0.393      -0.164       0.415
avg_passes_per_game_gk        -0.0253      0.081     -0.312      0.755      -0.185       0.135
xg_gk                          0.5358      1.280      0.419      0.676      -1.997       3.068
xg_per_shot_gk                -6.9848     20.514     -0.340      0.734     -47.573      33.603
fouled_per_game_gk             3.8780      2.382      1.628      0.106      -0.834       8.590
goals_per_90_cb                1.5296      1.987      0.770      0.443      -2.402       5.461
assists_per_90_cb             -2.6574      2.319     -1.146      0.254      -7.246       1.931
tackles_per_game_cb            0.0744      0.278      0.267      0.790      -0.476       0.625
interceptions_per_game_cb      0.2771      0.294      0.943      0.347      -0.304       0.858
clearances_per_game_cb        -0.1057      0.091     -1.164      0.247      -0.285       0.074
blocks_per_game_cb             0.0320      0.383      0.084      0.933      -0.726       0.790
aerials_won_cb                 0.1504      0.179      0.842      0.402      -0.203       0.504
key_passes_per_game_cb         0.6967      0.823      0.847      0.399      -0.931       2.324
dribbles_per_game_cb          -0.4321      0.488     -0.885      0.378      -1.398       0.534
crosses_per_game_cb           -0.4139      1.569     -0.264      0.792      -3.517       2.690
long_balls_per_game_cb        -0.0947      0.131     -0.721      0.472      -0.354       0.165
through_balls_per_game_cb      1.3106      2.761      0.475      0.636      -4.153       6.774
avg_passes_per_game_cb         0.0170      0.010      1.648      0.102      -0.003       0.037
shots_per_game_cb              0.1315      0.533      0.246      0.806      -0.924       1.187
xg_cb                         -0.0025      0.163     -0.015      0.988      -0.325       0.320
xg_per_shot_cb                 0.9852      1.121      0.879      0.381      -1.232       3.202
fouled_per_game_cb            -0.0486      0.347     -0.140      0.889      -0.736       0.638
goals_per_90_lb               -8.2968      5.434     -1.527      0.129     -19.049       2.455
assists_per_90_lb              0.0567      2.573      0.022      0.982      -5.034       5.147
tackles_per_game_lb            0.6908      0.427      1.619      0.108      -0.153       1.535
interceptions_per_game_lb     -1.0434      1.033     -1.011      0.314      -3.086       0.999
clearances_per_game_lb         0.1199      0.295      0.406      0.685      -0.464       0.704
blocks_per_game_lb            -1.8564      2.264     -0.820      0.414      -6.336       2.623
aerials_won_lb                -0.7047      0.530     -1.331      0.186      -1.752       0.343
key_passes_per_game_lb         0.0366      0.981      0.037      0.970      -1.905       1.978
dribbles_per_game_lb          -2.7965      1.464     -1.911      0.058      -5.692       0.100
crosses_per_game_lb           -0.3920      0.671     -0.584      0.560      -1.719       0.935
long_balls_per_game_lb        -0.1316      0.468     -0.281      0.779      -1.057       0.793
through_balls_per_game_lb     -9.2729      7.972     -1.163      0.247     -25.046       6.500
avg_passes_per_game_lb        -0.0096      0.031     -0.310      0.757      -0.071       0.052
shots_per_game_lb              2.0235      0.987      2.049      0.042       0.070       3.977
xg_lb                          0.5644      0.569      0.991      0.323      -0.562       1.691
xg_per_shot_lb                -4.4205      7.036     -0.628      0.531     -18.341       9.500
fouled_per_game_lb             0.1087      0.535      0.203      0.839      -0.950       1.167
goals_per_90_rb                3.0249      3.942      0.767      0.444      -4.774      10.824
assists_per_90_rb             -1.9340      1.801     -1.074      0.285      -5.497       1.629
tackles_per_game_rb           -0.0241      0.338     -0.072      0.943      -0.692       0.644
interceptions_per_game_rb     -0.1877      0.499     -0.376      0.708      -1.176       0.800
clearances_per_game_rb        -0.4177      0.334     -1.252      0.213      -1.078       0.242
blocks_per_game_rb             0.2807      1.599      0.176      0.861      -2.883       3.444
aerials_won_rb                 0.9613      0.595      1.615      0.109      -0.216       2.139
key_passes_per_game_rb         0.5754      0.765      0.753      0.453      -0.937       2.088
dribbles_per_game_rb          -0.3884      0.637     -0.609      0.543      -1.649       0.873
crosses_per_game_rb           -0.2113      0.721     -0.293      0.770      -1.638       1.216
long_balls_per_game_rb         0.4434      0.291      1.525      0.130      -0.132       1.019
through_balls_per_game_rb      1.4107      2.548      0.554      0.581      -3.630       6.452
avg_passes_per_game_rb        -0.0102      0.015     -0.701      0.485      -0.039       0.019
shots_per_game_rb             -0.0005      0.932     -0.001      1.000      -1.844       1.843
xg_rb                          0.0513      0.265      0.193      0.847      -0.473       0.575
xg_per_shot_rb                -0.2585      2.286     -0.113      0.910      -4.781       4.264
fouled_per_game_rb            -0.5975      0.463     -1.289      0.200      -1.514       0.319
goals_per_90_cdm              -7.4409      5.334     -1.395      0.165     -17.994       3.112
assists_per_90_cdm            13.2594      4.104      3.231      0.002       5.139      21.380
tackles_per_game_cdm           0.0345      0.513      0.067      0.947      -0.981       1.050
interceptions_per_game_cdm    -1.6023      0.866     -1.850      0.067      -3.316       0.111
clearances_per_game_cdm       -0.1661      0.446     -0.372      0.710      -1.049       0.716
blocks_per_game_cdm            0.8822      1.024      0.862      0.390      -1.143       2.908
aerials_won_cdm                0.1048      0.284      0.369      0.713      -0.457       0.667
key_passes_per_game_cdm       -1.2597      1.823     -0.691      0.491      -4.866       2.346
dribbles_per_game_cdm          0.5725      0.840      0.681      0.497      -1.090       2.235
crosses_per_game_cdm           0.2646      1.970      0.134      0.893      -3.634       4.163
long_balls_per_game_cdm        0.9611      0.446      2.156      0.033       0.079       1.843
through_balls_per_game_cdm     8.5033      5.118      1.662      0.099      -1.622      18.628
avg_passes_per_game_cdm        0.0413      0.017      2.387      0.018       0.007       0.075
shots_per_game_cdm             0.6893      1.760      0.392      0.696      -2.793       4.172
xg_cdm                         0.4023      0.635      0.634      0.527      -0.853       1.658
xg_per_shot_cdm               -3.5607      8.931     -0.399      0.691     -21.231      14.109
fouled_per_game_cdm           -1.5473      0.766     -2.020      0.045      -3.063      -0.032
goals_per_90_cm                1.2409      2.267      0.547      0.585      -3.244       5.726
assists_per_90_cm              2.8403      2.245      1.265      0.208      -1.601       7.281
tackles_per_game_cm            0.0241      0.263      0.092      0.927      -0.496       0.544
interceptions_per_game_cm      0.6635      0.447      1.483      0.140      -0.222       1.549
clearances_per_game_cm         0.2360      0.363      0.650      0.517      -0.482       0.954
blocks_per_game_cm            -0.4201      0.917     -0.458      0.648      -2.235       1.394
aerials_won_cm                -0.2422      0.314     -0.771      0.442      -0.864       0.379
key_passes_per_game_cm         0.1572      0.484      0.325      0.746      -0.801       1.116
dribbles_per_game_cm          -0.3730      0.434     -0.859      0.392      -1.232       0.486
crosses_per_game_cm            0.2769      0.465      0.595      0.553      -0.644       1.198
long_balls_per_game_cm        -0.3619      0.265     -1.366      0.174      -0.886       0.162
through_balls_per_game_cm      2.3401      1.526      1.533      0.128      -0.679       5.359
avg_passes_per_game_cm         0.0035      0.020      0.175      0.861      -0.036       0.042
shots_per_game_cm             -0.8497      0.526     -1.615      0.109      -1.890       0.191
xg_cm                          0.1701      0.138      1.231      0.221      -0.103       0.444
xg_per_shot_cm                -0.4980      3.685     -0.135      0.893      -7.789       6.793
fouled_per_game_cm            -0.0528      0.236     -0.223      0.824      -0.520       0.415
goals_per_90_am               -2.6994      4.119     -0.655      0.513     -10.850       5.451
assists_per_90_am             -0.4336      3.252     -0.133      0.894      -6.868       6.001
tackles_per_game_am            1.0125      1.176      0.861      0.391      -1.315       3.340
interceptions_per_game_am     -4.9891      7.081     -0.705      0.482     -19.000       9.022
clearances_per_game_am         0.5821      2.272      0.256      0.798      -3.914       5.078
blocks_per_game_am            -4.6210      3.991     -1.158      0.249     -12.518       3.276
aerials_won_am                -0.3932      1.395     -0.282      0.778      -3.153       2.367
key_passes_per_game_am         1.1795      1.016      1.160      0.248      -0.832       3.191
dribbles_per_game_am          -0.0572      1.346     -0.042      0.966      -2.720       2.606
crosses_per_game_am            0.9358      1.452      0.645      0.520      -1.936       3.808
long_balls_per_game_am        -2.7170      1.148     -2.366      0.019      -4.989      -0.445
through_balls_per_game_am      0.3646      2.518      0.145      0.885      -4.617       5.346
avg_passes_per_game_am         0.1068      0.066      1.619      0.108      -0.024       0.237
shots_per_game_am              0.9645      1.732      0.557      0.579      -2.462       4.391
xg_am                          0.4107      0.462      0.888      0.376      -0.504       1.326
xg_per_shot_am                 4.1780     12.989      0.322      0.748     -21.522      29.878
goals_per_90_lw               -0.6015      2.133     -0.282      0.778      -4.822       3.619
assists_per_90_lw             -6.8086      2.378     -2.863      0.005     -11.513      -2.104
tackles_per_game_lw            0.7425      1.025      0.724      0.470      -1.286       2.771
interceptions_per_game_lw      1.3211      1.277      1.035      0.303      -1.205       3.847
clearances_per_game_lw        -1.0465      0.899     -1.164      0.247      -2.826       0.733
blocks_per_game_lw             3.7953      5.391      0.704      0.483      -6.872      14.462
aerials_won_lw                -2.4305      1.072     -2.268      0.025      -4.551      -0.310
key_passes_per_game_lw         0.1944      0.896      0.217      0.829      -1.578       1.967
dribbles_per_game_lw          -1.3258      1.027     -1.291      0.199      -3.357       0.706
crosses_per_game_lw            1.3488      0.680      1.984      0.049       0.004       2.694
long_balls_per_game_lw         1.0948      0.698      1.568      0.119      -0.286       2.476
through_balls_per_game_lw      1.7298      2.803      0.617      0.538      -3.817       7.276
avg_passes_per_game_lw        -0.0428      0.054     -0.791      0.431      -0.150       0.064
shots_per_game_lw              1.1073      0.825      1.343      0.182      -0.525       2.739
xg_lw                         -0.1939      0.119     -1.636      0.104      -0.428       0.041
xg_per_shot_lw                16.3340      4.571      3.573      0.000       7.289      25.379
fouled_per_game_lw            -0.3859      0.659     -0.586      0.559      -1.690       0.918
goals_per_90_rw                1.3890      2.535      0.548      0.585      -3.626       6.404
assists_per_90_rw             -0.8199      1.871     -0.438      0.662      -4.522       2.882
tackles_per_game_rw            0.5901      0.816      0.724      0.471      -1.024       2.204
interceptions_per_game_rw      0.5371      1.334      0.403      0.688      -2.102       3.176
clearances_per_game_rw        -1.7068      1.556     -1.097      0.275      -4.786       1.372
blocks_per_game_rw             3.4065      6.239      0.546      0.586      -8.937      15.750
aerials_won_rw                 0.7628      0.811      0.940      0.349      -0.842       2.368
key_passes_per_game_rw         1.0551      1.104      0.955      0.341      -1.130       3.240
dribbles_per_game_rw          -0.9351      0.892     -1.048      0.297      -2.700       0.830
crosses_per_game_rw           -0.4933      0.724     -0.681      0.497      -1.926       0.939
long_balls_per_game_rw        -0.0475      0.732     -0.065      0.948      -1.495       1.400
through_balls_per_game_rw     -0.2435      3.408     -0.071      0.943      -6.987       6.500
avg_passes_per_game_rw        -0.0358      0.063     -0.569      0.570      -0.160       0.089
shots_per_game_rw              0.4727      0.696      0.679      0.498      -0.904       1.850
xg_rw                         -0.1053      0.112     -0.944      0.347      -0.326       0.115
xg_per_shot_rw                 3.2579      6.460      0.504      0.615      -9.523      16.039
fouled_per_game_rw             0.1783      0.566      0.315      0.753      -0.941       1.298
goals_per_90_st                0.6255      0.940      0.666      0.507      -1.234       2.485
assists_per_90_st             -0.0872      1.123     -0.078      0.938      -2.310       2.135
tackles_per_game_st            0.0968      0.578      0.168      0.867      -1.046       1.239
interceptions_per_game_st     -0.1668      1.138     -0.147      0.884      -2.418       2.084
clearances_per_game_st        -0.0570      0.434     -0.131      0.896      -0.916       0.802
blocks_per_game_st             1.3104      1.978      0.662      0.509      -2.604       5.225
aerials_won_st                -0.0674      0.131     -0.513      0.609      -0.327       0.192
key_passes_per_game_st         1.7558      0.779      2.253      0.026       0.214       3.298
dribbles_per_game_st          -0.4436      0.848     -0.523      0.602      -2.121       1.234
crosses_per_game_st           -1.1871      0.648     -1.831      0.069      -2.470       0.095
long_balls_per_game_st         0.1820      0.697      0.261      0.795      -1.198       1.562
through_balls_per_game_st     -3.3547      1.828     -1.835      0.069      -6.972       0.262
avg_passes_per_game_st         0.0151      0.050      0.300      0.764      -0.085       0.115
shots_per_game_st             -0.1052      0.391     -0.269      0.788      -0.878       0.668
xg_st                         -0.0244      0.056     -0.439      0.661      -0.135       0.086
xg_per_shot_st                 4.1032      2.799      1.466      0.145      -1.435       9.642
fouled_per_game_st            -0.1101      0.275     -0.400      0.690      -0.655       0.435
gk_save_pct                    0.0330      0.033      0.994      0.322      -0.033       0.099
gk_ga_per_90                  -0.4673      1.024     -0.456      0.649      -2.494       1.560
gk_cs_per_90                  -0.0516      1.724     -0.030      0.976      -3.463       3.360
gk_pk_save_pct                 0.0334      1.132      0.030      0.976      -2.205       2.272
==============================================================================
Omnibus:                       11.370   Durbin-Watson:                   1.896
Prob(Omnibus):                  0.003   Jarque-Bera (JB):               22.415
Skew:                          -0.070   Prob(JB):                     1.36e-05
Kurtosis:                       4.237   Cond. No.                     1.42e+06
==============================================================================

Notes:
[1] Standard Errors assume that the covariance matrix of the errors is correctly specified.
[2] The condition number is large, 1.42e+06. This might indicate that there are
strong multicollinearity or other numerical problems.