                            OLS Regression Results                            
==============================================================================
Dep. Variable:                      y   R-squared:                       0.971
Model:                            OLS   Adj. R-squared:                  0.849
Method:                 Least Squares   F-statistic:                     7.983
Date:                Thu, 02 Apr 2026   Prob (F-statistic):           3.34e-14
Time:                        18:32:42   Log-Likelihood:                -1.3641
No. Observations:                 265   AIC:                             430.7
Df Residuals:                      51   BIC:                             1197.
Df Model:                         213                                         
Covariance Type:            nonrobust                                         
==============================================================================================
                                 coef    std err          t      P>|t|      [0.025      0.975]
----------------------------------------------------------------------------------------------
const                         12.8019      2.239      5.719      0.000       8.308      17.296
minutes_played                 0.0003      0.000      1.284      0.205      -0.000       0.001
is_top4                        1.2943      0.305      4.237      0.000       0.681       1.908
is_top6                       -0.0385      0.283     -0.136      0.892      -0.606       0.529
is_bottom6                    -0.0933      0.199     -0.468      0.642      -0.494       0.307
is_historic_top                0.4083      0.391      1.043      0.302      -0.377       1.194
is_promoted                   -0.0577      0.247     -0.234      0.816      -0.554       0.438
yellow_cards                  -0.0268      0.044     -0.611      0.544      -0.115       0.061
pass_success_pct               0.0170      0.024      0.701      0.487      -0.032       0.066
fouls_per_game                 0.2723      0.321      0.849      0.400      -0.372       0.916
dribbled_past_per_game        -0.0630      0.421     -0.150      0.882      -0.907       0.782
xg_diff                       -0.0552      0.131     -0.422      0.675      -0.318       0.208
is_brazilian                   0.0768      0.312      0.246      0.806      -0.549       0.703
is_french                     -0.9059      0.456     -1.987      0.052      -1.821       0.010
is_english                    -0.4459      0.604     -0.739      0.464      -1.658       0.766
is_spanish                    -0.5644      0.336     -1.682      0.099      -1.238       0.109
is_german                     -1.4081      0.862     -1.634      0.108      -3.138       0.322
is_argentine                  -0.9553      0.582     -1.640      0.107      -2.125       0.214
is_portuguese                 -0.1217      0.241     -0.505      0.615      -0.605       0.362
is_african                    -0.3591      0.279     -1.287      0.204      -0.919       0.201
is_asian                       0.2500      0.761      0.329      0.744      -1.277       1.777
is_south_american_other       -0.0042      0.478     -0.009      0.993      -0.963       0.955
is_goalkeeper                 -8.7375     11.360     -0.769      0.445     -31.543      14.068
is_left_back                  -1.4892      1.528     -0.974      0.334      -4.558       1.579
is_right_back                  2.1236      2.282      0.931      0.356      -2.458       6.705
is_cdm                       -19.2948     10.622     -1.817      0.075     -40.619       2.029
is_central_mid                -2.2388      1.500     -1.492      0.142      -5.251       0.773
is_attacking_mid               2.9312      4.004      0.732      0.467      -5.106      10.969
is_left_winger                -0.5668      1.564     -0.362      0.719      -3.708       2.574
is_right_winger               -5.0941      2.613     -1.950      0.057     -10.340       0.151
is_striker                    -2.7115      1.623     -1.671      0.101      -5.969       0.546
age_gk                        -0.0817      0.194     -0.421      0.676      -0.472       0.308
age_sq_gk                      0.0015      0.015      0.099      0.922      -0.029       0.032
age_cb                        -0.1715      0.044     -3.873      0.000      -0.260      -0.083
age_sq_cb                     -0.0049      0.004     -1.186      0.241      -0.013       0.003
age_lb                         0.0773      0.113      0.685      0.496      -0.149       0.304
age_sq_lb                      0.0036      0.018      0.196      0.846      -0.033       0.040
age_rb                        -0.0478      0.093     -0.513      0.610      -0.235       0.139
age_sq_rb                     -0.0408      0.033     -1.229      0.225      -0.107       0.026
age_cdm                        0.5553      0.466      1.191      0.239      -0.381       1.491
age_sq_cdm                     0.3742      0.235      1.592      0.117      -0.098       0.846
age_cm                        -0.1127      0.066     -1.718      0.092      -0.244       0.019
age_sq_cm                     -0.0170      0.007     -2.490      0.016      -0.031      -0.003
age_am                         0.2280      0.407      0.560      0.578      -0.589       1.045
age_sq_am                      0.0198      0.043      0.458      0.649      -0.067       0.106
age_lw                        -0.1386      0.044     -3.125      0.003      -0.228      -0.050
age_sq_lw                     -0.0115      0.009     -1.217      0.229      -0.030       0.007
age_rw                        -0.1639      0.080     -2.058      0.045      -0.324      -0.004
age_sq_rw                      0.0185      0.019      0.951      0.346      -0.020       0.057
age_st                        -0.1058      0.040     -2.635      0.011      -0.186      -0.025
age_sq_st                     -0.0084      0.005     -1.650      0.105      -0.019       0.002
tackles_per_game_gk          -14.2690     25.874     -0.551      0.584     -66.213      37.675
interceptions_per_game_gk     21.8833     31.398      0.697      0.489     -41.151      84.918
clearances_per_game_gk         1.2830      1.261      1.017      0.314      -1.249       3.815
aerials_won_gk                 0.4493      5.982      0.075      0.940     -11.560      12.459
key_passes_per_game_gk        -6.5066     19.122     -0.340      0.735     -44.896      31.883
dribbles_per_game_gk          11.7838     15.995      0.737      0.465     -20.327      43.895
long_balls_per_game_gk         1.1610      1.747      0.665      0.509      -2.346       4.668
avg_passes_per_game_gk         0.0206      0.155      0.133      0.895      -0.291       0.332
xg_gk                        -13.6010     31.769     -0.428      0.670     -77.380      50.178
fouled_per_game_gk            -4.3427      7.756     -0.560      0.578     -19.913      11.227
goals_per_90_cb               -7.1463      4.005     -1.784      0.080     -15.187       0.894
assists_per_90_cb              1.4979      4.499      0.333      0.741      -7.535      10.531
tackles_per_game_cb            0.0472      0.290      0.163      0.871      -0.536       0.630
interceptions_per_game_cb      0.1462      0.499      0.293      0.771      -0.857       1.149
clearances_per_game_cb        -0.2235      0.128     -1.747      0.087      -0.480       0.033
blocks_per_game_cb            -0.0059      0.813     -0.007      0.994      -1.637       1.626
aerials_won_cb                 0.1996      0.204      0.979      0.332      -0.210       0.609
key_passes_per_game_cb        -0.5350      1.211     -0.442      0.661      -2.967       1.897
dribbles_per_game_cb           0.6131      0.713      0.860      0.394      -0.817       2.044
crosses_per_game_cb            1.1818      1.786      0.662      0.511      -2.404       4.768
long_balls_per_game_cb        -0.1369      0.166     -0.824      0.414      -0.470       0.197
through_balls_per_game_cb     -4.9845      4.120     -1.210      0.232     -13.257       3.288
avg_passes_per_game_cb         0.0106      0.014      0.766      0.447      -0.017       0.038
shots_per_game_cb             -0.8305      0.882     -0.941      0.351      -2.602       0.941
xg_cb                          0.5792      0.376      1.541      0.130      -0.175       1.334
xg_per_shot_cb                -4.1683      3.403     -1.225      0.226     -11.001       2.664
fouled_per_game_cb             0.1008      0.474      0.213      0.832      -0.851       1.053
goals_per_90_lb                0.7322      2.822      0.259      0.796      -4.933       6.398
assists_per_90_lb             -5.5934      4.575     -1.222      0.227     -14.779       3.592
tackles_per_game_lb            0.5470      0.539      1.014      0.315      -0.536       1.630
interceptions_per_game_lb      1.7425      1.321      1.319      0.193      -0.909       4.394
clearances_per_game_lb        -0.2047      0.469     -0.437      0.664      -1.146       0.737
blocks_per_game_lb            -4.7421      3.484     -1.361      0.179     -11.737       2.253
aerials_won_lb                -0.6076      1.055     -0.576      0.567      -2.726       1.511
key_passes_per_game_lb         0.0350      1.240      0.028      0.978      -2.455       2.525
dribbles_per_game_lb          -3.5598      2.097     -1.698      0.096      -7.770       0.650
crosses_per_game_lb            0.3810      1.368      0.279      0.782      -2.365       3.127
long_balls_per_game_lb        -0.9284      0.492     -1.885      0.065      -1.917       0.060
through_balls_per_game_lb      9.5086     10.538      0.902      0.371     -11.647      30.664
avg_passes_per_game_lb         0.0813      0.040      2.053      0.045       0.002       0.161
shots_per_game_lb              1.9396      1.449      1.339      0.187      -0.968       4.848
xg_lb                          1.0566      1.037      1.019      0.313      -1.026       3.139
xg_per_shot_lb               -13.1481     13.638     -0.964      0.340     -40.528      14.232
fouled_per_game_lb             1.1453      1.010      1.133      0.262      -0.883       3.174
goals_per_90_rb                2.3440      9.960      0.235      0.815     -17.651      22.339
assists_per_90_rb             -0.1623      6.025     -0.027      0.979     -12.257      11.933
tackles_per_game_rb           -0.7629      1.231     -0.620      0.538      -3.235       1.709
interceptions_per_game_rb     -1.7693      1.306     -1.354      0.182      -4.392       0.854
clearances_per_game_rb        -0.5299      0.453     -1.169      0.248      -1.440       0.380
blocks_per_game_rb            -0.8373      2.257     -0.371      0.712      -5.368       3.694
aerials_won_rb                 1.3218      0.885      1.494      0.141      -0.454       3.098
key_passes_per_game_rb         1.9711      1.640      1.202      0.235      -1.321       5.263
dribbles_per_game_rb           0.2305      1.335      0.173      0.864      -2.450       2.911
crosses_per_game_rb           -1.3190      1.800     -0.733      0.467      -4.933       2.295
long_balls_per_game_rb         0.5698      0.651      0.876      0.385      -0.736       1.876
through_balls_per_game_rb     -7.2745      9.355     -0.778      0.440     -26.055      11.506
avg_passes_per_game_rb        -0.0750      0.060     -1.245      0.219      -0.196       0.046
shots_per_game_rb             -1.1240      2.412     -0.466      0.643      -5.966       3.718
xg_rb                          0.7001      1.357      0.516      0.608      -2.024       3.424
xg_per_shot_rb                -1.8002      5.698     -0.316      0.753     -13.240       9.640
fouled_per_game_rb             1.6912      1.035      1.633      0.109      -0.387       3.770
goals_per_90_cdm             -27.2151     15.244     -1.785      0.080     -57.819       3.388
assists_per_90_cdm           -46.1350     23.342     -1.976      0.054     -92.996       0.726
tackles_per_game_cdm           5.1034      2.633      1.938      0.058      -0.182      10.389
interceptions_per_game_cdm   -16.3567      9.621     -1.700      0.095     -35.671       2.958
clearances_per_game_cdm       13.5693      7.045      1.926      0.060      -0.573      27.712
blocks_per_game_cdm         -139.9346     77.125     -1.814      0.076    -294.769      14.900
aerials_won_cdm                1.6809      2.252      0.747      0.459      -2.839       6.201
key_passes_per_game_cdm       66.1856     38.222      1.732      0.089     -10.549     142.920
dribbles_per_game_cdm         39.7127     22.771      1.744      0.087      -6.003      85.428
crosses_per_game_cdm         -23.5074     14.415     -1.631      0.109     -52.446       5.431
long_balls_per_game_cdm        2.4878      2.128      1.169      0.248      -1.784       6.759
through_balls_per_game_cdm   -87.4073     48.451     -1.804      0.077    -184.676       9.862
avg_passes_per_game_cdm       -0.5500      0.364     -1.513      0.136      -1.280       0.180
shots_per_game_cdm           -10.2533      6.734     -1.523      0.134     -23.772       3.265
xg_cdm                        -2.9425      1.951     -1.509      0.138      -6.858       0.973
xg_per_shot_cdm               71.8420     46.186      1.556      0.126     -20.880     164.563
goals_per_90_cm                0.4089      4.199      0.097      0.923      -8.021       8.839
assists_per_90_cm              5.9021      3.261      1.810      0.076      -0.645      12.449
tackles_per_game_cm            0.2070      0.611      0.339      0.736      -1.020       1.434
interceptions_per_game_cm     -0.4683      1.673     -0.280      0.781      -3.827       2.890
clearances_per_game_cm         0.3366      1.122      0.300      0.765      -1.915       2.588
blocks_per_game_cm            -1.0344      1.543     -0.671      0.506      -4.131       2.062
aerials_won_cm                -0.2486      0.515     -0.483      0.631      -1.283       0.786
key_passes_per_game_cm        -1.6973      1.262     -1.345      0.185      -4.230       0.836
dribbles_per_game_cm           0.6333      0.844      0.751      0.456      -1.061       2.327
crosses_per_game_cm            0.9237      1.041      0.887      0.379      -1.167       3.015
long_balls_per_game_cm        -0.0747      0.408     -0.183      0.855      -0.894       0.744
through_balls_per_game_cm     -2.4882      3.911     -0.636      0.528     -10.341       5.364
avg_passes_per_game_cm         0.0568      0.044      1.299      0.200      -0.031       0.145
shots_per_game_cm             -0.3708      0.864     -0.429      0.670      -2.106       1.365
xg_cm                          0.2351      0.484      0.486      0.629      -0.737       1.207
xg_per_shot_cm                 0.6330      7.733      0.082      0.935     -14.892      16.158
fouled_per_game_cm             0.2677      0.473      0.566      0.574      -0.682       1.217
goals_per_90_am                7.2807     11.747      0.620      0.538     -16.302      30.863
assists_per_90_am             16.5831     14.116      1.175      0.246     -11.756      44.922
tackles_per_game_am           -1.2372      3.801     -0.325      0.746      -8.868       6.394
interceptions_per_game_am     -5.3173      3.037     -1.751      0.086     -11.415       0.781
clearances_per_game_am         1.4205      2.346      0.605      0.548      -3.289       6.130
blocks_per_game_am            -2.0037      7.395     -0.271      0.788     -16.849      12.842
aerials_won_am                 0.7883      2.534      0.311      0.757      -4.299       5.876
key_passes_per_game_am         0.3352      3.049      0.110      0.913      -5.785       6.456
dribbles_per_game_am          -0.0784      3.279     -0.024      0.981      -6.661       6.504
crosses_per_game_am            1.3359      2.188      0.611      0.544      -3.057       5.728
long_balls_per_game_am         2.0431      2.751      0.743      0.461      -3.479       7.566
through_balls_per_game_am     -1.3844      5.145     -0.269      0.789     -11.713       8.944
avg_passes_per_game_am        -0.1120      0.263     -0.427      0.671      -0.639       0.415
shots_per_game_am             -3.7182      4.203     -0.885      0.381     -12.157       4.720
goals_per_90_lw                0.9469      1.917      0.494      0.623      -2.901       4.795
assists_per_90_lw             -0.3949      1.845     -0.214      0.831      -4.100       3.310
tackles_per_game_lw           -0.2217      0.637     -0.348      0.729      -1.500       1.057
interceptions_per_game_lw     -0.5723      1.411     -0.405      0.687      -3.406       2.261
clearances_per_game_lw        -1.0455      0.791     -1.321      0.192      -2.634       0.543
blocks_per_game_lw            -0.9065      3.577     -0.253      0.801      -8.089       6.276
aerials_won_lw                 0.9216      0.482      1.912      0.061      -0.046       1.889
key_passes_per_game_lw        -0.2414      0.912     -0.265      0.792      -2.073       1.590
dribbles_per_game_lw           0.3941      0.976      0.404      0.688      -1.565       2.353
crosses_per_game_lw            0.6319      0.783      0.807      0.423      -0.939       2.203
long_balls_per_game_lw        -0.4839      0.913     -0.530      0.598      -2.317       1.349
through_balls_per_game_lw      2.7913      2.222      1.256      0.215      -1.670       7.253
avg_passes_per_game_lw         0.0668      0.060      1.107      0.274      -0.054       0.188
shots_per_game_lw             -1.0637      1.203     -0.884      0.381      -3.480       1.352
xg_lw                          0.1914      0.241      0.793      0.431      -0.293       0.676
xg_per_shot_lw                -5.5696      9.051     -0.615      0.541     -23.740      12.600
fouled_per_game_lw             0.4950      0.383      1.294      0.202      -0.273       1.263
goals_per_90_rw                1.6093      2.414      0.667      0.508      -3.237       6.455
assists_per_90_rw              3.7014      3.606      1.026      0.310      -3.539      10.941
tackles_per_game_rw           -0.2956      1.517     -0.195      0.846      -3.342       2.751
interceptions_per_game_rw      0.1169      2.322      0.050      0.960      -4.544       4.778
clearances_per_game_rw         0.2394      1.147      0.209      0.835      -2.063       2.542
blocks_per_game_rw             4.6658      4.052      1.151      0.255      -3.469      12.801
aerials_won_rw                -0.3679      1.146     -0.321      0.750      -2.669       1.933
key_passes_per_game_rw        -0.8388      2.126     -0.395      0.695      -5.106       3.428
dribbles_per_game_rw          -1.3659      2.107     -0.648      0.520      -5.597       2.865
crosses_per_game_rw           -1.4926      0.956     -1.561      0.125      -3.412       0.427
long_balls_per_game_rw        -2.2990      1.276     -1.802      0.077      -4.860       0.262
through_balls_per_game_rw      2.0300      4.163      0.488      0.628      -6.328      10.388
avg_passes_per_game_rw         0.2461      0.140      1.763      0.084      -0.034       0.526
shots_per_game_rw              1.3312      1.169      1.139      0.260      -1.016       3.678
xg_rw                         -0.1699      0.175     -0.972      0.335      -0.521       0.181
xg_per_shot_rw                12.5345     10.627      1.179      0.244      -8.801      33.870
fouled_per_game_rw             0.4542      0.883      0.514      0.609      -1.318       2.226
goals_per_90_st                1.7742      1.662      1.068      0.291      -1.562       5.110
assists_per_90_st              1.5319      1.591      0.963      0.340      -1.662       4.726
tackles_per_game_st           -0.3286      0.720     -0.457      0.650      -1.773       1.116
interceptions_per_game_st      1.5208      1.956      0.778      0.440      -2.405       5.447
clearances_per_game_st         1.3277      0.847      1.567      0.123      -0.373       3.029
blocks_per_game_st            -1.0870      3.038     -0.358      0.722      -7.186       5.012
aerials_won_st                -0.1216      0.304     -0.401      0.690      -0.731       0.488
key_passes_per_game_st        -0.7884      1.228     -0.642      0.524      -3.255       1.678
dribbles_per_game_st          -0.5566      1.405     -0.396      0.694      -3.376       2.263
crosses_per_game_st            0.7779      2.062      0.377      0.708      -3.362       4.918
long_balls_per_game_st         0.0816      0.375      0.218      0.829      -0.671       0.834
through_balls_per_game_st      2.4335      3.551      0.685      0.496      -4.695       9.562
avg_passes_per_game_st         0.0041      0.120      0.034      0.973      -0.238       0.246
shots_per_game_st              1.0934      0.686      1.595      0.117      -0.283       2.470
xg_st                         -0.0639      0.088     -0.723      0.473      -0.241       0.113
xg_per_shot_st                 4.4910      4.751      0.945      0.349      -5.047      14.028
fouled_per_game_st            -0.5101      0.324     -1.574      0.122      -1.160       0.140
gk_save_pct                    0.0923      0.077      1.199      0.236      -0.062       0.247
gk_ga_per_90                  -3.5425      3.260     -1.087      0.282     -10.086       3.001
gk_cs_per_90                   3.0170     10.628      0.284      0.778     -18.320      24.354
gk_pk_save_pct               -11.6841     15.959     -0.732      0.467     -43.723      20.354
==============================================================================
Omnibus:                       32.422   Durbin-Watson:                   2.092
Prob(Omnibus):                  0.000   Jarque-Bera (JB):              126.652
Skew:                           0.383   Prob(JB):                     3.15e-28
Kurtosis:                       6.299   Cond. No.                     6.03e+06
==============================================================================

Notes:
[1] Standard Errors assume that the covariance matrix of the errors is correctly specified.
[2] The condition number is large, 6.03e+06. This might indicate that there are
strong multicollinearity or other numerical problems.