                            OLS Regression Results                            
==============================================================================
Dep. Variable:                      y   R-squared:                       0.979
Model:                            OLS   Adj. R-squared:                  0.882
Method:                 Least Squares   F-statistic:                     10.12
Date:                Thu, 02 Apr 2026   Prob (F-statistic):           8.17e-15
Time:                        18:32:31   Log-Likelihood:                 89.568
No. Observations:                 254   AIC:                             238.9
Df Residuals:                      45   BIC:                             978.2
Df Model:                         208                                         
Covariance Type:            nonrobust                                         
==============================================================================================
                                 coef    std err          t      P>|t|      [0.025      0.975]
----------------------------------------------------------------------------------------------
const                         12.4554      1.643      7.581      0.000       9.146      15.764
minutes_played                 0.0004      0.000      2.869      0.006       0.000       0.001
is_top4                        0.4189      0.240      1.743      0.088      -0.065       0.903
is_top6                        0.2518      0.239      1.052      0.298      -0.230       0.734
is_bottom6                     0.0667      0.190      0.351      0.727      -0.316       0.449
is_historic_top                0.5439      0.210      2.584      0.013       0.120       0.968
is_promoted                   -0.8410      0.211     -3.995      0.000      -1.265      -0.417
yellow_cards                  -0.0225      0.035     -0.644      0.523      -0.093       0.048
pass_success_pct               0.0177      0.019      0.933      0.356      -0.020       0.056
fouls_per_game                -0.0914      0.222     -0.411      0.683      -0.539       0.356
dribbled_past_per_game        -0.2858      0.291     -0.982      0.331      -0.872       0.301
xg_diff                        0.0411      0.113      0.364      0.718      -0.186       0.269
is_brazilian                  -0.1785      0.375     -0.476      0.637      -0.935       0.578
is_french                      0.2005      0.223      0.899      0.374      -0.249       0.650
is_english                    -0.4633      0.436     -1.062      0.294      -1.342       0.415
is_spanish                     0.6599      0.890      0.741      0.462      -1.133       2.452
is_german                     -0.0939      0.134     -0.699      0.488      -0.365       0.177
is_argentine                   0.3759      1.586      0.237      0.814      -2.817       3.569
is_portuguese                  0.2199      0.412      0.534      0.596      -0.610       1.050
is_african                     0.2349      0.272      0.864      0.392      -0.312       0.782
is_asian                      -0.5681      0.362     -1.568      0.124      -1.298       0.161
is_south_american_other       -0.4258      0.505     -0.844      0.403      -1.442       0.590
is_goalkeeper                 10.3309     31.281      0.330      0.743     -52.671      73.333
is_left_back                   1.3491      5.240      0.257      0.798      -9.204      11.903
is_right_back                  1.0962      2.066      0.530      0.598      -3.066       5.258
is_cdm                        -0.0006     11.881  -5.11e-05      1.000     -23.931      23.930
is_central_mid                -1.3201      1.513     -0.873      0.388      -4.367       1.727
is_attacking_mid              -0.7319      4.622     -0.158      0.875     -10.041       8.578
is_left_winger                 1.5033      5.632      0.267      0.791      -9.840      12.847
is_right_winger               -0.3514      0.849     -0.414      0.681      -2.062       1.359
is_striker                     0.2962      1.223      0.242      0.810      -2.167       2.759
age_gk                        -1.7155      1.780     -0.964      0.340      -5.301       1.869
age_sq_gk                      0.2198      0.261      0.842      0.404      -0.306       0.746
age_cb                        -0.1858      0.022     -8.337      0.000      -0.231      -0.141
age_sq_cb                     -0.0140      0.005     -3.041      0.004      -0.023      -0.005
age_lb                        -0.3786      0.429     -0.882      0.382      -1.243       0.486
age_sq_lb                      0.0143      0.036      0.397      0.693      -0.058       0.087
age_rb                        -0.0809      0.096     -0.847      0.402      -0.273       0.112
age_sq_rb                     -0.0077      0.012     -0.627      0.534      -0.033       0.017
age_cdm                       -0.2685      0.307     -0.874      0.387      -0.887       0.350
age_sq_cdm                     0.0055      0.092      0.060      0.953      -0.179       0.190
age_cm                        -0.1405      0.033     -4.245      0.000      -0.207      -0.074
age_sq_cm                     -0.0122      0.010     -1.285      0.205      -0.031       0.007
age_am                        -0.2772      0.329     -0.842      0.404      -0.940       0.386
age_sq_am                     -0.0309      0.072     -0.428      0.671      -0.176       0.115
age_lw                        -0.1388      0.172     -0.807      0.424      -0.485       0.208
age_sq_lw                     -0.0242      0.047     -0.518      0.607      -0.118       0.070
age_rw                         0.4133      0.343      1.206      0.234      -0.277       1.103
age_sq_rw                      0.2164      0.108      1.998      0.052      -0.002       0.434
age_st                        -0.1589      0.047     -3.409      0.001      -0.253      -0.065
age_sq_st                      0.0065      0.009      0.732      0.468      -0.011       0.025
goals_per_90_gk             5555.1961   8283.798      0.671      0.506   -1.11e+04    2.22e+04
assists_per_90_gk            312.5284    383.146      0.816      0.419    -459.167    1084.224
tackles_per_game_gk         -112.7698    115.992     -0.972      0.336    -346.390     120.851
interceptions_per_game_gk  -3913.3954   6116.615     -0.640      0.526   -1.62e+04    8406.100
clearances_per_game_gk        23.5447     29.082      0.810      0.422     -35.030      82.119
blocks_per_game_gk          1.383e+04   2.16e+04      0.641      0.525   -2.96e+04    5.73e+04
aerials_won_gk               -41.2244     44.607     -0.924      0.360    -131.068      48.619
key_passes_per_game_gk      -128.8441    158.689     -0.812      0.421    -448.460     190.772
dribbles_per_game_gk          22.6363     33.740      0.671      0.506     -45.319      90.592
crosses_per_game_gk         3592.4247   5471.106      0.657      0.515   -7426.949    1.46e+04
long_balls_per_game_gk         3.6389      4.041      0.900      0.373      -4.500      11.778
through_balls_per_game_gk     86.1970     60.172      1.433      0.159     -34.995     207.389
avg_passes_per_game_gk        -1.3854      1.745     -0.794      0.431      -4.901       2.130
xg_gk                        -93.4860    166.662     -0.561      0.578    -429.161     242.189
fouled_per_game_gk            26.3410     38.017      0.693      0.492     -50.229     102.911
goals_per_90_cb                0.2372      2.334      0.102      0.920      -4.464       4.938
assists_per_90_cb              1.0428      1.631      0.639      0.526      -2.242       4.328
tackles_per_game_cb           -0.0692      0.234     -0.297      0.768      -0.540       0.401
interceptions_per_game_cb     -0.0440      0.225     -0.196      0.845      -0.496       0.408
clearances_per_game_cb         0.0627      0.073      0.856      0.397      -0.085       0.210
blocks_per_game_cb            -0.2923      0.365     -0.801      0.428      -1.028       0.443
aerials_won_cb                 0.0812      0.113      0.715      0.478      -0.147       0.310
key_passes_per_game_cb        -0.2225      0.691     -0.322      0.749      -1.615       1.170
dribbles_per_game_cb           0.1090      0.383      0.284      0.777      -0.662       0.880
crosses_per_game_cb            0.3315      0.645      0.514      0.610      -0.967       1.630
long_balls_per_game_cb        -0.0110      0.096     -0.114      0.910      -0.205       0.183
through_balls_per_game_cb      2.3400      2.226      1.051      0.299      -2.144       6.824
avg_passes_per_game_cb         0.0149      0.008      1.779      0.082      -0.002       0.032
shots_per_game_cb             -0.0133      0.506     -0.026      0.979      -1.032       1.006
xg_cb                          0.1148      0.181      0.633      0.530      -0.251       0.480
xg_per_shot_cb                 0.2924      0.784      0.373      0.711      -1.287       1.872
fouled_per_game_cb             0.3406      0.269      1.264      0.213      -0.202       0.883
goals_per_90_lb               10.5513      7.441      1.418      0.163      -4.435      25.538
assists_per_90_lb             -4.9409      3.164     -1.562      0.125     -11.314       1.432
tackles_per_game_lb           -0.9260      0.826     -1.121      0.268      -2.590       0.738
interceptions_per_game_lb      1.1354      2.523      0.450      0.655      -3.945       6.216
clearances_per_game_lb        -0.9261      3.552     -0.261      0.795      -8.080       6.228
blocks_per_game_lb            -8.7559      6.640     -1.319      0.194     -22.130       4.618
aerials_won_lb                -0.8539      2.502     -0.341      0.734      -5.893       4.185
key_passes_per_game_lb         0.0679      0.695      0.098      0.923      -1.333       1.468
dribbles_per_game_lb          -0.4838      3.380     -0.143      0.887      -7.291       6.324
crosses_per_game_lb           -0.8772      3.744     -0.234      0.816      -8.417       6.663
long_balls_per_game_lb         4.4487     10.213      0.436      0.665     -16.122      25.019
through_balls_per_game_lb    -11.5902      7.823     -1.482      0.145     -27.346       4.166
avg_passes_per_game_lb         0.0461      0.148      0.312      0.756      -0.251       0.343
shots_per_game_lb              2.3931      9.232      0.259      0.797     -16.202      20.988
xg_lb                         -1.7857      2.868     -0.623      0.537      -7.563       3.991
goals_per_90_rb                4.3161      5.084      0.849      0.400      -5.924      14.557
assists_per_90_rb              0.7045      2.942      0.240      0.812      -5.220       6.629
tackles_per_game_rb            0.3210      0.680      0.472      0.639      -1.049       1.691
interceptions_per_game_rb     -0.8351      0.828     -1.008      0.319      -2.503       0.833
clearances_per_game_rb        -0.1397      0.447     -0.313      0.756      -1.040       0.760
blocks_per_game_rb             0.1692      1.468      0.115      0.909      -2.787       3.125
aerials_won_rb                -0.1173      0.372     -0.315      0.754      -0.867       0.632
key_passes_per_game_rb         1.3073      1.272      1.027      0.310      -1.256       3.870
dribbles_per_game_rb          -0.2101      1.585     -0.133      0.895      -3.403       2.983
crosses_per_game_rb           -1.0344      1.015     -1.020      0.313      -3.078       1.009
long_balls_per_game_rb         0.1778      0.607      0.293      0.771      -1.044       1.400
through_balls_per_game_rb     -2.9170      3.800     -0.768      0.447     -10.570       4.736
avg_passes_per_game_rb        -0.0026      0.026     -0.101      0.920      -0.055       0.049
shots_per_game_rb             -0.3811      1.462     -0.261      0.795      -3.325       2.563
xg_rb                         -0.0974      0.470     -0.207      0.837      -1.044       0.850
xg_per_shot_rb                -0.7677      8.740     -0.088      0.930     -18.371      16.835
fouled_per_game_rb             0.3495      0.863      0.405      0.688      -1.389       2.088
goals_per_90_cdm               7.5759     71.835      0.105      0.916    -137.107     152.259
assists_per_90_cdm             0.1878      6.405      0.029      0.977     -12.712      13.087
tackles_per_game_cdm           0.0079      3.645      0.002      0.998      -7.333       7.349
interceptions_per_game_cdm    -0.1235      5.481     -0.023      0.982     -11.163      10.916
clearances_per_game_cdm       -0.0084      0.617     -0.014      0.989      -1.251       1.234
blocks_per_game_cdm            1.6771     23.346      0.072      0.943     -45.345      48.699
aerials_won_cdm                0.2603      0.700      0.372      0.712      -1.150       1.671
key_passes_per_game_cdm        0.6814      8.760      0.078      0.938     -16.961      18.324
dribbles_per_game_cdm          0.8560      8.569      0.100      0.921     -16.403      18.115
crosses_per_game_cdm           0.3539      2.698      0.131      0.896      -5.080       5.788
long_balls_per_game_cdm        0.0629      1.368      0.046      0.964      -2.692       2.818
through_balls_per_game_cdm    -1.5079     27.481     -0.055      0.956     -56.857      53.841
avg_passes_per_game_cdm       -0.0124      0.095     -0.131      0.897      -0.203       0.179
goals_per_90_cm                0.0339      2.636      0.013      0.990      -5.276       5.344
assists_per_90_cm             -0.4884      2.412     -0.203      0.840      -5.346       4.369
tackles_per_game_cm            0.4093      0.417      0.981      0.332      -0.431       1.250
interceptions_per_game_cm     -0.2497      0.817     -0.306      0.761      -1.895       1.396
clearances_per_game_cm        -0.0398      0.347     -0.115      0.909      -0.738       0.659
blocks_per_game_cm             0.3540      1.375      0.258      0.798      -2.415       3.123
aerials_won_cm                 0.1184      0.332      0.356      0.723      -0.551       0.788
key_passes_per_game_cm         0.8690      1.637      0.531      0.598      -2.429       4.167
dribbles_per_game_cm          -0.3085      0.886     -0.348      0.729      -2.093       1.476
crosses_per_game_cm           -0.8307      1.570     -0.529      0.599      -3.993       2.332
long_balls_per_game_cm         0.2527      0.128      1.973      0.055      -0.005       0.511
through_balls_per_game_cm      1.0212      1.691      0.604      0.549      -2.386       4.428
avg_passes_per_game_cm        -0.0041      0.019     -0.210      0.835      -0.043       0.035
shots_per_game_cm              1.7531      0.990      1.772      0.083      -0.240       3.746
xg_cm                         -0.4842      0.438     -1.105      0.275      -1.367       0.399
xg_per_shot_cm                18.2231     11.433      1.594      0.118      -4.804      41.250
fouled_per_game_cm            -0.0698      0.289     -0.241      0.810      -0.652       0.513
goals_per_90_am                5.9111      9.998      0.591      0.557     -14.226      26.048
assists_per_90_am             11.8693     19.006      0.625      0.535     -26.410      50.148
tackles_per_game_am            4.4543      5.740      0.776      0.442      -7.108      16.016
interceptions_per_game_am     -0.1843      2.738     -0.067      0.947      -5.699       5.330
clearances_per_game_am        -2.8706      5.097     -0.563      0.576     -13.137       7.396
blocks_per_game_am           -10.8690     18.873     -0.576      0.568     -48.882      27.144
aerials_won_am                 4.0337      6.874      0.587      0.560      -9.811      17.878
key_passes_per_game_am         2.3134      3.832      0.604      0.549      -5.405      10.032
dribbles_per_game_am          -2.6999      3.908     -0.691      0.493     -10.570       5.170
crosses_per_game_am            0.6485      2.853      0.227      0.821      -5.097       6.394
long_balls_per_game_am        -0.1711      1.464     -0.117      0.907      -3.119       2.777
through_balls_per_game_am     -2.0154     13.232     -0.152      0.880     -28.666      24.635
avg_passes_per_game_am        -0.1553      0.303     -0.512      0.611      -0.766       0.456
shots_per_game_am             -4.0603      5.498     -0.738      0.464     -15.135       7.014
xg_am                          0.7833      0.978      0.801      0.428      -1.187       2.754
xg_per_shot_am                -4.4964     21.832     -0.206      0.838     -48.469      39.476
goals_per_90_lw               -1.2900      5.047     -0.256      0.799     -11.455       8.875
assists_per_90_lw              2.6448      7.472      0.354      0.725     -12.404      17.694
tackles_per_game_lw            1.3549      1.888      0.718      0.477      -2.448       5.158
interceptions_per_game_lw      1.4173      2.880      0.492      0.625      -4.383       7.218
clearances_per_game_lw        -1.0956      4.592     -0.239      0.812     -10.344       8.152
blocks_per_game_lw             4.0249     26.968      0.149      0.882     -50.291      58.340
aerials_won_lw                 0.7151      4.102      0.174      0.862      -7.546       8.977
key_passes_per_game_lw        -1.3887      2.531     -0.549      0.586      -6.487       3.709
dribbles_per_game_lw          -3.5742      4.813     -0.743      0.462     -13.269       6.120
crosses_per_game_lw            1.2996      2.574      0.505      0.616      -3.885       6.485
long_balls_per_game_lw        -1.0054      6.739     -0.149      0.882     -14.579      12.568
through_balls_per_game_lw      5.4341     14.360      0.378      0.707     -23.489      34.357
avg_passes_per_game_lw         0.0394      0.141      0.280      0.780      -0.244       0.323
goals_per_90_rw               -8.2817      6.057     -1.367      0.178     -20.482       3.918
assists_per_90_rw             -3.6829      8.497     -0.433      0.667     -20.797      13.431
tackles_per_game_rw            3.0357      2.847      1.066      0.292      -2.699       8.770
interceptions_per_game_rw      0.3984      1.922      0.207      0.837      -3.472       4.269
clearances_per_game_rw         0.7483      1.166      0.642      0.524      -1.600       3.097
blocks_per_game_rw           -17.6037      7.441     -2.366      0.022     -32.591      -2.617
aerials_won_rw                -1.0002      0.978     -1.022      0.312      -2.971       0.971
key_passes_per_game_rw         1.1728      3.585      0.327      0.745      -6.047       8.393
dribbles_per_game_rw          -1.7984      2.467     -0.729      0.470      -6.768       3.171
crosses_per_game_rw           -0.8234      2.326     -0.354      0.725      -5.509       3.862
long_balls_per_game_rw         1.3087      1.011      1.294      0.202      -0.728       3.345
through_balls_per_game_rw     -2.8885      4.050     -0.713      0.479     -11.045       5.268
avg_passes_per_game_rw        -0.1155      0.188     -0.616      0.541      -0.493       0.262
shots_per_game_rw              3.1804      2.398      1.327      0.191      -1.648       8.009
goals_per_90_st                0.5550      2.141      0.259      0.797      -3.757       4.867
assists_per_90_st             -0.4209      1.914     -0.220      0.827      -4.276       3.435
tackles_per_game_st            0.3479      0.502      0.693      0.492      -0.663       1.359
interceptions_per_game_st     -1.2780      1.076     -1.187      0.241      -3.446       0.890
clearances_per_game_st         0.5060      0.620      0.816      0.419      -0.743       1.755
blocks_per_game_st             1.1108      2.673      0.416      0.680      -4.273       6.494
aerials_won_st                -0.2136      0.261     -0.818      0.417      -0.739       0.312
key_passes_per_game_st         0.3861      0.776      0.497      0.621      -1.177       1.950
dribbles_per_game_st          -0.2654      0.699     -0.380      0.706      -1.673       1.142
crosses_per_game_st           -0.4794      0.747     -0.641      0.524      -1.985       1.026
long_balls_per_game_st        -0.9068      0.964     -0.941      0.352      -2.848       1.034
through_balls_per_game_st      3.7739      3.684      1.024      0.311      -3.646      11.194
avg_passes_per_game_st         0.0351      0.067      0.524      0.603      -0.100       0.170
shots_per_game_st              0.6043      0.575      1.051      0.299      -0.554       1.762
xg_st                         -0.0306      0.082     -0.373      0.711      -0.196       0.135
xg_per_shot_st                -0.3967      7.076     -0.056      0.956     -14.648      13.855
fouled_per_game_st             0.0820      0.270      0.303      0.763      -0.463       0.627
gk_save_pct                    0.1401      0.174      0.806      0.424      -0.210       0.490
gk_ga_per_90                  -1.3102      1.763     -0.743      0.461      -4.862       2.242
gk_cs_per_90                 -14.6442     11.700     -1.252      0.217     -38.209       8.920
gk_pk_save_pct                 2.3409      4.198      0.558      0.580      -6.114      10.795
==============================================================================
Omnibus:                       32.768   Durbin-Watson:                   1.896
Prob(Omnibus):                  0.000   Jarque-Bera (JB):              167.171
Skew:                           0.279   Prob(JB):                     5.00e-37
Kurtosis:                       6.935   Cond. No.                     1.87e+09
==============================================================================

Notes:
[1] Standard Errors assume that the covariance matrix of the errors is correctly specified.
[2] The condition number is large, 1.87e+09. This might indicate that there are
strong multicollinearity or other numerical problems.